0 0.19609375 0.7322916666666667 0.1640625 0.21458333333333332
0 0.37890625 0.7625 0.1234375 0.14583333333333334
0 0.053125000000000006 0.6520833333333333 0.10625000000000001 0.22916666666666666
0 0.40703125 0.3614583333333333 0.1453125 0.16875
0 0.6515625 0.08541666666666667 0.16875 0.17083333333333334
0 0.246875 0.26979166666666665 0.15937500000000002 0.22291666666666665
0 0.84375 0.09791666666666667 0.215625 0.19583333333333333
0 0.8671875 0.853125 0.15625 0.21458333333333332
0 0.9343750000000001 0.5770833333333333 0.12812500000000002 0.2583333333333333
0 0.41875 0.91875 0.1375 0.15833333333333333
0 0.9140625 0.33229166666666665 0.16875 0.21875
0 0.31015625 0.10104166666666667 0.1953125 0.20208333333333334
0 0.66015625 0.825 0.1953125 0.20416666666666666
