0 0.5890625 0.31979166666666664 0.146875 0.18541666666666667
0 0.41796875 0.7802083333333333 0.1765625 0.23958333333333334
0 0.31093750000000003 0.23854166666666665 0.19375 0.25625
0 0.21796875000000002 0.10520833333333333 0.1234375 0.14791666666666667
0 0.5109375 0.13958333333333334 0.1625 0.225
0 0.7625000000000001 0.2947916666666667 0.140625 0.19375
0 0.91328125 0.7520833333333333 0.1703125 0.22083333333333333
0 0.93515625 0.5427083333333333 0.1265625 0.20625
0 0.79453125 0.571875 0.1453125 0.19791666666666666
0 0.9187500000000001 0.31979166666666664 0.15625 0.19791666666666666
0 0.8031250000000001 0.9375 0.15625 0.12083333333333333
0 0.7734375 0.7604166666666666 0.15937500000000002 0.20416666666666666
0 0.0765625 0.44687499999999997 0.153125 0.23958333333333334
0 0.53125 0.4270833333333333 0.15937500000000002 0.21666666666666667
