0 0.80234375 0.5125 0.1765625 0.20416666666666666
0 0.7195312500000001 0.6 0.1765625 0.20416666666666666
0 0.6570312500000001 0.18333333333333332 0.1765625 0.20416666666666666
0 0.890625 0.271875 0.184375 0.23541666666666666
0 0.8093750000000001 0.25416666666666665 0.15937500000000002 0.21666666666666667
0 0.36015625 0.45208333333333334 0.1765625 0.20416666666666666
0 0.52109375 0.8458333333333333 0.1765625 0.20416666666666666
0 0.91015625 0.7375 0.1765625 0.20416666666666666
0 0.44453125000000004 0.16458333333333333 0.1765625 0.20416666666666666
0 0.12265625000000001 0.19166666666666665 0.1765625 0.20416666666666666
0 0.11953125 0.7458333333333333 0.1765625 0.20416666666666666
0 0.27578125000000003 0.6833333333333333 0.1765625 0.20416666666666666
0 0.15703125 0.8958333333333334 0.1296875 0.20416666666666666
0 0.18906250000000002 0.40208333333333335 0.225 0.25
0 0.696875 0.9197916666666667 0.15000000000000002 0.15625
