0 0.70625 0.271875 0.146875 0.21875
0 0.7765625 0.728125 0.171875 0.21875
0 0.7562500000000001 0.8427083333333333 0.171875 0.21875
0 0.5234375 0.19479166666666667 0.171875 0.21875
0 0.446875 0.23124999999999998 0.12187500000000001 0.1875
0 0.7140625 0.46041666666666664 0.15937500000000002 0.17916666666666667
0 0.8343750000000001 0.45 0.15937500000000002 0.17916666666666667
0 0.07968750000000001 0.5520833333333334 0.15937500000000002 0.17916666666666667
0 0.31875000000000003 0.090625 0.15937500000000002 0.16458333333333333
0 0.9265625000000001 0.07083333333333333 0.140625 0.14166666666666666
0 0.91171875 0.32395833333333335 0.1609375 0.21875
0 0.27968750000000003 0.8937499999999999 0.15937500000000002 0.17916666666666667
0 0.44296875 0.8854166666666666 0.15781250000000002 0.1875
