0 0.2859375 0.578125 0.15937500000000002 0.21875
0 0.5171875 0.6072916666666667 0.15937500000000002 0.21875
0 0.5578125 0.8260416666666667 0.15937500000000002 0.21875
0 0.38359375 0.7489583333333333 0.1484375 0.20208333333333334
0 0.25078125 0.8614583333333333 0.1484375 0.20208333333333334
0 0.30390625000000004 0.371875 0.1484375 0.20208333333333334
0 0.41015625 0.19375 0.1703125 0.2
0 0.46484375 0.40208333333333335 0.1703125 0.2
0 0.87421875 0.3385416666666667 0.1703125 0.23958333333333334
0 0.8773437500000001 0.8552083333333333 0.1703125 0.23958333333333334
0 0.74375 0.703125 0.21250000000000002 0.22708333333333333
0 0.15234375 0.28020833333333334 0.1703125 0.23958333333333334
0 0.11953125 0.4947916666666667 0.1703125 0.23958333333333334
