0 0.7406250000000001 0.5385416666666667 0.19375 0.23958333333333334
0 0.43984375000000003 0.8614583333333333 0.17343750000000002 0.17708333333333334
0 0.13828125 0.10416666666666667 0.17343750000000002 0.20416666666666666
0 0.27578125000000003 0.5916666666666667 0.17343750000000002 0.20416666666666666
0 0.6585937500000001 0.35625 0.17343750000000002 0.20416666666666666
0 0.08359375000000001 0.40208333333333335 0.16718750000000002 0.22916666666666666
0 0.46796875000000004 0.35625 0.17343750000000002 0.20416666666666666
0 0.9070312500000001 0.21666666666666667 0.17343750000000002 0.20416666666666666
0 0.7273437500000001 0.08020833333333333 0.1484375 0.16041666666666665
0 0.07109375 0.7197916666666666 0.1421875 0.19375
