0 0.2828125 0.8302083333333333 0.153125 0.18541666666666667
0 0.4921875 0.91875 0.184375 0.15833333333333333
0 0.6921875000000001 0.31666666666666665 0.22187500000000002 0.225
0 0.690625 0.4375 0.184375 0.19166666666666665
0 0.246875 0.128125 0.146875 0.25625
0 0.25234375000000003 0.365625 0.18906250000000002 0.20625
0 0.63828125 0.6604166666666667 0.1390625 0.2375
0 0.84375 0.5979166666666667 0.146875 0.2375
0 0.91015625 0.33958333333333335 0.1421875 0.2625
0 0.07890625000000001 0.2947916666666667 0.15781250000000002 0.26458333333333334
0 0.09375 0.58125 0.15625 0.2583333333333333
0 0.4921875 0.40208333333333335 0.225 0.2
0 0.95078125 0.71875 0.09531250000000001 0.225
0 0.8343750000000001 0.884375 0.16875 0.21458333333333332
