0 0.81796875 0.175 0.17343750000000002 0.1875
0 0.6726562500000001 0.21562499999999998 0.1765625 0.20625
0 0.55390625 0.565625 0.1765625 0.20625
0 0.8226562500000001 0.5885416666666666 0.15781250000000002 0.18541666666666667
0 0.92734375 0.43333333333333335 0.1421875 0.24583333333333332
0 0.7203125 0.46249999999999997 0.178125 0.24166666666666667
0 0.15390625000000002 0.8302083333333333 0.1765625 0.20625
0 0.21484375 0.09895833333333333 0.16718750000000002 0.19791666666666666
0 0.48359375000000004 0.8427083333333333 0.1921875 0.22291666666666665
0 0.7515625 0.8395833333333333 0.19375 0.26666666666666666
