0 0.39375000000000004 0.728125 0.21250000000000002 0.22291666666666665
0 0.54609375 0.875 0.1421875 0.2125
0 0.82578125 0.8447916666666666 0.1640625 0.21875
0 0.66796875 0.746875 0.1640625 0.21875
0 0.69296875 0.540625 0.1640625 0.21875
0 0.5625 0.20104166666666667 0.184375 0.22291666666666665
0 0.3796875 0.35104166666666664 0.184375 0.25625
0 0.6703125000000001 0.38958333333333334 0.178125 0.22916666666666666
0 0.36953125000000003 0.1125 0.18906250000000002 0.225
0 0.18281250000000002 0.1125 0.20625000000000002 0.1375
0 0.9125000000000001 0.21875 0.171875 0.17083333333333334
0 0.9226562500000001 0.3416666666666667 0.15156250000000002 0.20416666666666666
0 0.85546875 0.06875 0.1484375 0.1375
0 0.6570312500000001 0.06875 0.1484375 0.1375
