0 0.35781250000000003 0.11666666666666667 0.153125 0.22083333333333333
0 0.2546875 0.43124999999999997 0.153125 0.22083333333333333
0 0.4375 0.7104166666666667 0.153125 0.22083333333333333
0 0.21484375 0.8489583333333334 0.1796875 0.21458333333333332
0 0.09296875 0.4895833333333333 0.1703125 0.17916666666666667
0 0.8015625000000001 0.3375 0.17500000000000002 0.21666666666666667
0 0.8617187500000001 0.496875 0.1484375 0.18541666666666667
0 0.553125 0.534375 0.19062500000000002 0.26458333333333334
0 0.5890625 0.8364583333333333 0.15937500000000002 0.20208333333333334
0 0.7390625000000001 0.684375 0.15937500000000002 0.20208333333333334
0 0.5421875 0.28854166666666664 0.1625 0.23958333333333334
0 0.240625 0.2375 0.16562500000000002 0.19166666666666665
0 0.08203125 0.36041666666666666 0.1640625 0.19166666666666665
0 0.353125 0.8447916666666666 0.14375000000000002 0.19791666666666666
