0 0.565625 0.865625 0.1625 0.23541666666666666
0 0.5203125000000001 0.3697916666666667 0.16562500000000002 0.26458333333333334
0 0.3640625 0.68125 0.16562500000000002 0.19166666666666665
0 0.5625 0.6375 0.15937500000000002 0.24583333333333332
0 0.890625 0.42291666666666666 0.15937500000000002 0.24583333333333332
0 0.7046875 0.2895833333333333 0.15937500000000002 0.24583333333333332
0 0.9226562500000001 0.821875 0.15156250000000002 0.18958333333333333
0 0.10546875 0.41875 0.1265625 0.19166666666666665
0 0.14140625 0.078125 0.1421875 0.15625
0 0.8460937500000001 0.06979166666666667 0.1703125 0.13958333333333334
0 0.17343750000000002 0.9208333333333333 0.19687500000000002 0.15416666666666667
0 0.640625 0.11666666666666667 0.134375 0.23333333333333334
0 0.07109375 0.6947916666666667 0.1421875 0.22291666666666665
