0 0.35000000000000003 0.59375 0.184375 0.20833333333333334
0 0.14296875 0.5260416666666666 0.18906250000000002 0.24791666666666667
0 0.28828125 0.8125 0.15781250000000002 0.2125
0 0.15703125 0.7375 0.15781250000000002 0.2125
0 0.9343750000000001 0.42604166666666665 0.12812500000000002 0.20208333333333334
0 0.76953125 0.30833333333333335 0.1484375 0.19583333333333333
0 0.48671875000000003 0.11354166666666667 0.1796875 0.22708333333333333
0 0.2078125 0.209375 0.19062500000000002 0.24375
0 0.29609375 0.39375 0.1265625 0.16666666666666666
0 0.93671875 0.896875 0.1234375 0.20208333333333334
