0 0.6804687500000001 0.3416666666666667 0.1921875 0.20833333333333334
0 0.5281250000000001 0.68125 0.1875 0.26666666666666666
0 0.78515625 0.5145833333333333 0.1765625 0.24583333333333332
0 0.29296875 0.8135416666666666 0.2109375 0.21041666666666667
0 0.0578125 0.3572916666666667 0.115625 0.29791666666666666
0 0.6046875 0.13125 0.203125 0.24166666666666667
0 0.77109375 0.12291666666666666 0.1328125 0.24583333333333332
0 0.921875 0.6666666666666666 0.153125 0.2583333333333333
0 0.9281250000000001 0.3697916666666667 0.140625 0.22708333333333333
0 0.9304687500000001 0.0875 0.13593750000000002 0.175
0 0.56953125 0.890625 0.1859375 0.21458333333333332
