0 0.1375 0.6677083333333333 0.15000000000000002 0.20625
0 0.153125 0.803125 0.16562500000000002 0.21458333333333332
0 0.3828125 0.7927083333333333 0.16562500000000002 0.21458333333333332
0 0.403125 0.6302083333333334 0.16562500000000002 0.21458333333333332
0 0.30859375 0.6135416666666667 0.1328125 0.18541666666666667
0 0.7265625 0.49166666666666664 0.15937500000000002 0.19166666666666665
0 0.8875000000000001 0.45208333333333334 0.2 0.19166666666666665
0 0.35234375 0.2947916666666667 0.15781250000000002 0.20625
0 0.07578125000000001 0.35104166666666664 0.15156250000000002 0.23958333333333334
0 0.13046875 0.13020833333333334 0.2015625 0.21458333333333332
0 0.9171875 0.2583333333333333 0.1625 0.24166666666666667
0 0.859375 0.8916666666666666 0.2 0.17916666666666667
0 0.625 0.75625 0.1625 0.24166666666666667
