0 0.259375 0.509375 0.18125000000000002 0.20625
0 0.35234375 0.7229166666666667 0.15781250000000002 0.21666666666666667
0 0.2515625 0.7354166666666666 0.14375000000000002 0.1875
0 0.38046875 0.11145833333333333 0.1796875 0.22291666666666665
0 0.7828125 0.8354166666666667 0.15937500000000002 0.21666666666666667
0 0.79453125 0.4739583333333333 0.16718750000000002 0.23124999999999998
0 0.7671875 0.5729166666666666 0.16562500000000002 0.2125
0 0.4921875 0.365625 0.171875 0.19791666666666666
0 0.9359375000000001 0.2708333333333333 0.125 0.24583333333333332
0 0.91796875 0.07083333333333333 0.15781250000000002 0.14166666666666666
0 0.78046875 0.07083333333333333 0.15781250000000002 0.14166666666666666
0 0.58828125 0.09479166666666666 0.15781250000000002 0.18958333333333333
0 0.73359375 0.23229166666666667 0.1546875 0.20208333333333334
0 0.43203125000000003 0.3260416666666667 0.1546875 0.20208333333333334
0 0.18828125 0.19270833333333334 0.1546875 0.20208333333333334
0 0.10859375 0.6239583333333333 0.16718750000000002 0.23124999999999998
0 0.47578125000000004 0.5583333333333333 0.15781250000000002 0.15
0 0.9296875 0.5916666666666667 0.1375 0.21666666666666667
