0 0.51484375 0.4479166666666667 0.1765625 0.17916666666666667
0 0.7328125000000001 0.2677083333333333 0.19375 0.20625
0 0.5632812500000001 0.25416666666666665 0.15781250000000002 0.2
0 0.1859375 0.40520833333333334 0.153125 0.22708333333333333
0 0.33906250000000004 0.5635416666666666 0.153125 0.22708333333333333
0 0.37031250000000004 0.6197916666666666 0.153125 0.22708333333333333
0 0.93671875 0.4479166666666667 0.1234375 0.21666666666666667
0 0.9375 0.6020833333333333 0.12187500000000001 0.2
0 0.91953125 0.725 0.15781250000000002 0.2
0 0.91953125 0.8020833333333334 0.15781250000000002 0.2
0 0.09453125000000001 0.08229166666666667 0.15781250000000002 0.16458333333333333
0 0.1125 0.26875 0.146875 0.19583333333333333
0 0.5875 0.08020833333333333 0.16562500000000002 0.16041666666666665
0 0.7734375 0.08020833333333333 0.16562500000000002 0.16041666666666665
