0 0.5984375000000001 0.25729166666666664 0.140625 0.17291666666666666
0 0.51171875 0.17604166666666665 0.1421875 0.18125
0 0.5203125000000001 0.48541666666666666 0.153125 0.22083333333333333
0 0.3671875 0.546875 0.153125 0.19375
0 0.7117187500000001 0.465625 0.17343750000000002 0.22708333333333333
0 0.8617187500000001 0.5760416666666667 0.1765625 0.24375
0 0.7625000000000001 0.6604166666666667 0.15937500000000002 0.2375
0 0.90625 0.3229166666666667 0.15937500000000002 0.2375
0 0.17500000000000002 0.56875 0.15937500000000002 0.2375
0 0.059375000000000004 0.4354166666666667 0.11875000000000001 0.23333333333333334
0 0.3359375 0.3208333333333333 0.17500000000000002 0.23333333333333334
0 0.6179687500000001 0.059375 0.1640625 0.11875
0 0.78671875 0.059375 0.1640625 0.11875
0 0.35859375000000004 0.9447916666666667 0.1421875 0.10625
