0 0.40625 0.8135416666666666 0.1625 0.18541666666666667
0 0.5375 0.6791666666666667 0.1875 0.20416666666666666
0 0.24921875000000002 0.6833333333333333 0.1703125 0.25
0 0.23828125 0.46249999999999997 0.15781250000000002 0.22083333333333333
0 0.15625 0.2677083333333333 0.153125 0.21458333333333332
0 0.8625 0.7364583333333333 0.153125 0.21458333333333332
0 0.7093750000000001 0.4322916666666667 0.1625 0.22291666666666665
0 0.54296875 0.41041666666666665 0.1703125 0.22083333333333333
0 0.64765625 0.8583333333333333 0.1703125 0.22083333333333333
0 0.12734375 0.6395833333333333 0.1703125 0.22083333333333333
0 0.13671875 0.06354166666666666 0.1703125 0.12708333333333333
