0 0.8734375000000001 0.19270833333333334 0.178125 0.22708333333333333
0 0.5859375 0.228125 0.178125 0.22708333333333333
0 0.16875 0.3885416666666667 0.178125 0.22708333333333333
0 0.2921875 0.7677083333333333 0.178125 0.22708333333333333
0 0.40156250000000004 0.503125 0.178125 0.22708333333333333
0 0.45156250000000003 0.3697916666666667 0.178125 0.22708333333333333
0 0.27734375 0.20416666666666666 0.15781250000000002 0.225
0 0.47187500000000004 0.8979166666666667 0.1625 0.19583333333333333
0 0.7984375 0.3875 0.1625 0.19583333333333333
0 0.9226562500000001 0.440625 0.15156250000000002 0.22708333333333333
