0 0.35468750000000004 0.7354166666666666 0.19062500000000002 0.23333333333333334
0 0.08046875 0.7197916666666666 0.1609375 0.21458333333333332
0 0.7718750000000001 0.20729166666666665 0.1625 0.21458333333333332
0 0.696875 0.253125 0.1625 0.21458333333333332
0 0.6140625000000001 0.3614583333333333 0.178125 0.26875
0 0.38906250000000003 0.409375 0.19687500000000002 0.23541666666666666
0 0.22578125000000002 0.09791666666666667 0.1640625 0.19583333333333333
0 0.37734375000000003 0.2125 0.1765625 0.2125
0 0.571875 0.0875 0.16875 0.175
0 0.5171875 0.6416666666666666 0.146875 0.19166666666666665
0 0.53125 0.771875 0.15625 0.18958333333333333
0 0.53125 0.8760416666666666 0.15625 0.18958333333333333
0 0.7156250000000001 0.9010416666666666 0.15625 0.18958333333333333
0 0.19609375 0.7322916666666667 0.1640625 0.23541666666666666
