0 0.8812500000000001 0.41562499999999997 0.17500000000000002 0.22291666666666665
0 0.7468750000000001 0.41875 0.109375 0.23333333333333334
0 0.625 0.5677083333333334 0.17500000000000002 0.22708333333333333
0 0.55234375 0.7979166666666666 0.2109375 0.25416666666666665
0 0.06640625 0.41354166666666664 0.1328125 0.18958333333333333
0 0.5390625 0.2739583333333333 0.134375 0.18958333333333333
0 0.659375 0.11770833333333333 0.134375 0.18958333333333333
0 0.9375 0.6239583333333333 0.11875000000000001 0.20625
0 0.20546875 0.10208333333333333 0.1546875 0.20416666666666666
0 0.16640625 0.278125 0.17343750000000002 0.19375
