0 0.90390625 0.85 0.1703125 0.22083333333333333
0 0.7585937500000001 0.8145833333333333 0.1703125 0.22083333333333333
0 0.27578125000000003 0.8583333333333333 0.1453125 0.21666666666666667
0 0.57421875 0.7072916666666667 0.1859375 0.2520833333333333
0 0.65234375 0.5322916666666666 0.1859375 0.2520833333333333
0 0.69453125 0.11666666666666667 0.17343750000000002 0.23333333333333334
0 0.8148437500000001 0.515625 0.1546875 0.20208333333333334
0 0.15546875000000002 0.3072916666666667 0.16718750000000002 0.23124999999999998
0 0.18281250000000002 0.70625 0.19062500000000002 0.20833333333333334
0 0.40234375 0.678125 0.1640625 0.19791666666666666
0 0.41796875 0.8989583333333333 0.1640625 0.19791666666666666
0 0.25859375 0.16770833333333332 0.1640625 0.23124999999999998
0 0.37578125 0.09479166666666666 0.1546875 0.18958333333333333
