0 0.578125 0.49583333333333335 0.171875 0.15416666666666667
0 0.6468750000000001 0.14375 0.140625 0.22083333333333333
0 0.36328125 0.11770833333333333 0.1796875 0.23124999999999998
0 0.07500000000000001 0.61875 0.15000000000000002 0.275
0 0.2171875 0.5614583333333333 0.1625 0.22291666666666665
0 0.39375000000000004 0.4947916666666667 0.15937500000000002 0.18541666666666667
0 0.6671875 0.6875 0.15000000000000002 0.24166666666666667
0 0.8031250000000001 0.5989583333333334 0.140625 0.3104166666666667
0 0.93515625 0.5916666666666667 0.1265625 0.30416666666666664
0 0.8875000000000001 0.2604166666666667 0.17500000000000002 0.2125
0 0.63984375 0.33125 0.1765625 0.18333333333333332
0 0.7054687500000001 0.90625 0.1765625 0.18333333333333332
