0 0.19687500000000002 0.16875 0.16875 0.21666666666666667
0 0.1453125 0.4010416666666667 0.16562500000000002 0.2520833333333333
0 0.48750000000000004 0.7927083333333333 0.16562500000000002 0.2520833333333333
0 0.24531250000000002 0.840625 0.15937500000000002 0.18541666666666667
0 0.30625 0.865625 0.15937500000000002 0.18541666666666667
0 0.060937500000000006 0.6625 0.12187500000000001 0.21666666666666667
0 0.6421875 0.6270833333333333 0.14375000000000002 0.2
0 0.71640625 0.3875 0.16718750000000002 0.2
0 0.75546875 0.09895833333333333 0.16718750000000002 0.19791666666666666
0 0.51796875 0.15208333333333332 0.16718750000000002 0.2
0 0.8484375000000001 0.221875 0.17500000000000002 0.22708333333333333
