0 0.42578125 0.27291666666666664 0.1859375 0.2125
0 0.58828125 0.21354166666666666 0.1421875 0.19791666666666666
0 0.6101562500000001 0.4239583333333333 0.1421875 0.19791666666666666
0 0.71796875 0.5989583333333334 0.1421875 0.19791666666666666
0 0.33437500000000003 0.3333333333333333 0.125 0.16666666666666666
0 0.7757812500000001 0.90625 0.1546875 0.18333333333333332
0 0.48984375 0.9020833333333333 0.1796875 0.19166666666666665
0 0.09765625 0.9020833333333333 0.1796875 0.19166666666666665
0 0.8601562500000001 0.20729166666666665 0.1796875 0.20625
0 0.6882812500000001 0.08229166666666667 0.2078125 0.16458333333333333
0 0.92734375 0.8125 0.1421875 0.2125
0 0.94453125 0.5541666666666667 0.1078125 0.275
0 0.1484375 0.30104166666666665 0.178125 0.25625
0 0.12187500000000001 0.7052083333333333 0.178125 0.25625
