0 0.12109375 0.6333333333333333 0.18281250000000002 0.20833333333333334
0 0.26328125 0.7885416666666667 0.16718750000000002 0.21041666666666667
0 0.08984375 0.8552083333333333 0.16718750000000002 0.21041666666666667
0 0.41328125000000004 0.6677083333333333 0.17343750000000002 0.27708333333333335
0 0.85703125 0.3927083333333333 0.16718750000000002 0.21041666666666667
0 0.92890625 0.10416666666666667 0.1390625 0.20833333333333334
0 0.8546875 0.6291666666666667 0.16875 0.24166666666666667
0 0.9226562500000001 0.8427083333333333 0.15156250000000002 0.25625
0 0.08359375000000001 0.3145833333333333 0.16718750000000002 0.24166666666666667
0 0.2890625 0.09791666666666667 0.171875 0.19583333333333333
0 0.26640625 0.475 0.1703125 0.24583333333333332
0 0.6859375000000001 0.80625 0.16875 0.2916666666666667
