0 0.09843750000000001 0.5260416666666666 0.17500000000000002 0.18541666666666667
0 0.29609375 0.7489583333333333 0.16718750000000002 0.22291666666666665
0 0.15156250000000002 0.6979166666666666 0.13125 0.2916666666666667
0 0.6328125 0.6416666666666666 0.184375 0.21666666666666667
0 0.48515625 0.7677083333333333 0.1703125 0.17291666666666666
0 0.44843750000000004 0.5072916666666667 0.1375 0.28541666666666665
0 0.5710937500000001 0.44687499999999997 0.16718750000000002 0.22291666666666665
0 0.89609375 0.6427083333333333 0.18281250000000002 0.22291666666666665
0 0.9007812500000001 0.321875 0.18281250000000002 0.22291666666666665
0 0.47265625 0.921875 0.1859375 0.15208333333333332
0 0.2984375 0.51875 0.19375 0.17916666666666667
0 0.17265625 0.25104166666666666 0.1921875 0.21875
0 0.703125 0.5322916666666666 0.1375 0.17291666666666666
0 0.8109375000000001 0.06770833333333333 0.1375 0.13541666666666666
0 0.640625 0.8666666666666667 0.15000000000000002 0.2625
