0 0.23671875 0.228125 0.1859375 0.19375
0 0.07187500000000001 0.14583333333333334 0.14375000000000002 0.2916666666666667
0 0.09609375 0.8833333333333333 0.1484375 0.20833333333333334
0 0.51484375 0.5770833333333333 0.2078125 0.22916666666666666
0 0.10312500000000001 0.5375 0.20625000000000002 0.22916666666666666
0 0.84765625 0.7208333333333333 0.2078125 0.22916666666666666
0 0.7359375 0.5375 0.15625 0.21666666666666667
0 0.7734375 0.8895833333333333 0.15625 0.21666666666666667
0 0.4265625 0.3104166666666667 0.18125000000000002 0.2125
0 0.2609375 0.7145833333333333 0.18125000000000002 0.2125
