0 0.67890625 0.2677083333333333 0.19843750000000002 0.27291666666666664
0 0.753125 0.6583333333333333 0.19375 0.20833333333333334
0 0.23750000000000002 0.46041666666666664 0.18125000000000002 0.2
0 0.5390625 0.49583333333333335 0.16562500000000002 0.1875
0 0.6109375 0.07291666666666667 0.2 0.14583333333333334
0 0.215625 0.221875 0.15937500000000002 0.21041666666666667
0 0.9148437500000001 0.153125 0.1640625 0.21875
0 0.8304687500000001 0.3333333333333333 0.1546875 0.25416666666666665
0 0.8968750000000001 0.9260416666666667 0.14375000000000002 0.14375
0 0.33828125000000003 0.10833333333333334 0.1390625 0.20833333333333334
