0 0.66796875 0.6177083333333333 0.1703125 0.21041666666666667
0 0.76171875 0.890625 0.1703125 0.21041666666666667
0 0.69140625 0.890625 0.1703125 0.21041666666666667
0 0.5140625 0.9093749999999999 0.17500000000000002 0.17708333333333334
0 0.5375 0.390625 0.15937500000000002 0.17708333333333334
0 0.7921875 0.24375 0.21250000000000002 0.22083333333333333
0 0.81953125 0.41041666666666665 0.15781250000000002 0.2708333333333333
0 0.1375 0.40729166666666666 0.153125 0.17708333333333334
0 0.240625 0.8291666666666666 0.16875 0.21666666666666667
0 0.5265625 0.1375 0.16875 0.21666666666666667
0 0.096875 0.2 0.14375000000000002 0.20833333333333334
0 0.9453125 0.8864583333333333 0.10625000000000001 0.20625
0 0.0734375 0.771875 0.146875 0.20625
