0 0.41875 0.6833333333333333 0.20625000000000002 0.2625
0 0.8093750000000001 0.6145833333333334 0.13125 0.17916666666666667
0 0.6671875 0.6958333333333333 0.16562500000000002 0.1875
0 0.6859375000000001 0.39791666666666664 0.15000000000000002 0.16666666666666666
0 0.5171875 0.46041666666666664 0.171875 0.18333333333333332
0 0.35625 0.253125 0.14375000000000002 0.19375
0 0.18281250000000002 0.21354166666666666 0.16875 0.23124999999999998
0 0.5375 0.14375 0.184375 0.2125
0 0.79296875 0.21666666666666667 0.1765625 0.225
0 0.19843750000000002 0.675 0.15625 0.19166666666666665
0 0.1453125 0.4635416666666667 0.16875 0.23958333333333334
0 0.56015625 0.8739583333333333 0.1703125 0.22291666666666665
