0 0.44453125000000004 0.5895833333333333 0.1765625 0.19166666666666665
0 0.32656250000000003 0.41770833333333335 0.18125000000000002 0.23124999999999998
0 0.32343750000000004 0.41354166666666664 0.18125000000000002 0.23124999999999998
0 0.19296875000000002 0.515625 0.1703125 0.21458333333333332
0 0.084375 0.084375 0.15000000000000002 0.16875
0 0.8125 0.153125 0.1625 0.19375
0 0.8500000000000001 0.3875 0.15937500000000002 0.20833333333333334
0 0.10625000000000001 0.7270833333333333 0.13125 0.1875
0 0.134375 0.3104166666666667 0.13125 0.1875
0 0.11406250000000001 0.4895833333333333 0.13125 0.1875
0 0.5796875 0.653125 0.10312500000000001 0.21875
0 0.6453125000000001 0.21145833333333333 0.14375000000000002 0.18125
0 0.72578125 0.37916666666666665 0.15781250000000002 0.17916666666666667
0 0.61484375 0.9260416666666667 0.15781250000000002 0.13958333333333334
0 0.29375 0.6208333333333333 0.140625 0.20416666666666666
