0 0.47578125000000004 0.8229166666666666 0.1703125 0.22916666666666666
0 0.5859375 0.921875 0.178125 0.14791666666666667
0 0.7195312500000001 0.79375 0.1703125 0.22916666666666666
0 0.7093750000000001 0.5791666666666666 0.13125 0.1875
0 0.58046875 0.6270833333333333 0.1703125 0.22916666666666666
0 0.40078125000000003 0.2895833333333333 0.1703125 0.22916666666666666
0 0.325 0.32916666666666666 0.16562500000000002 0.21666666666666667
0 0.51796875 0.071875 0.1609375 0.14375
0 0.69140625 0.3020833333333333 0.1703125 0.22916666666666666
0 0.7734375 0.08333333333333333 0.16562500000000002 0.16666666666666666
0 0.1421875 0.36041666666666666 0.19062500000000002 0.2
0 0.25390625 0.146875 0.1796875 0.22291666666666665
