0 0.22890625 0.6041666666666666 0.16718750000000002 0.18333333333333332
0 0.13671875 0.90625 0.16718750000000002 0.18333333333333332
0 0.47578125000000004 0.14270833333333333 0.16718750000000002 0.18541666666666667
0 0.8132812500000001 0.8010416666666667 0.17343750000000002 0.2520833333333333
0 0.6742187500000001 0.25 0.17343750000000002 0.25416666666666665
0 0.70234375 0.9145833333333333 0.16718750000000002 0.16666666666666666
0 0.1765625 0.3677083333333333 0.15000000000000002 0.16041666666666665
0 0.23671875 0.16354166666666667 0.1765625 0.23541666666666666
0 0.8031250000000001 0.3177083333333333 0.140625 0.24375
0 0.2671875 0.3625 0.146875 0.175
0 0.06328125 0.6854166666666667 0.1265625 0.2583333333333333
