0 0.7359375 0.2520833333333333 0.13125 0.16666666666666666
0 0.8054687500000001 0.071875 0.1328125 0.14375
0 0.7015625000000001 0.06145833333333333 0.1375 0.12291666666666666
0 0.7171875000000001 0.44687499999999997 0.146875 0.20625
0 0.60078125 0.13854166666666667 0.13593750000000002 0.17708333333333334
0 0.1203125 0.43124999999999997 0.140625 0.20833333333333334
0 0.3609375 0.48020833333333335 0.16875 0.22708333333333333
0 0.21406250000000002 0.6833333333333333 0.15625 0.21666666666666667
0 0.16875 0.80625 0.15000000000000002 0.19583333333333333
0 0.21171875 0.13645833333333332 0.16718750000000002 0.21041666666666667
0 0.9031250000000001 0.8927083333333333 0.18125000000000002 0.21041666666666667
0 0.84296875 0.33958333333333335 0.15781250000000002 0.2125
0 0.8375 0.6104166666666666 0.12812500000000002 0.20416666666666666
