0 0.153125 0.3458333333333333 0.1875 0.26666666666666666
0 0.4 0.096875 0.16875 0.19375
0 0.10625000000000001 0.096875 0.16875 0.19375
0 0.7265625 0.8916666666666666 0.16875 0.19583333333333333
0 0.6734375 0.6604166666666667 0.16875 0.19583333333333333
0 0.29140625000000003 0.7854166666666667 0.1703125 0.19583333333333333
0 0.93125 0.09895833333333333 0.134375 0.19791666666666666
0 0.80859375 0.175 0.1296875 0.18333333333333332
0 0.69296875 0.46875 0.1609375 0.19583333333333333
0 0.2625 0.13958333333333334 0.17500000000000002 0.2
0 0.4921875 0.875 0.16875 0.19583333333333333
0 0.534375 0.20729166666666665 0.1375 0.14791666666666667
