0 0.08750000000000001 0.884375 0.16562500000000002 0.20625
0 0.540625 0.20520833333333333 0.16562500000000002 0.20625
0 0.29296875 0.5125 0.1328125 0.1625
0 0.83359375 0.7427083333333333 0.1546875 0.20625
0 0.94140625 0.5052083333333334 0.11406250000000001 0.21041666666666667
0 0.74609375 0.23645833333333333 0.1546875 0.20625
0 0.89453125 0.12395833333333334 0.1546875 0.18958333333333333
0 0.6062500000000001 0.09895833333333333 0.1625 0.19791666666666666
0 0.13593750000000002 0.4125 0.15937500000000002 0.2375
0 0.19609375 0.22083333333333333 0.20468750000000002 0.2875
0 0.2734375 0.9052083333333333 0.125 0.16875
0 0.7664062500000001 0.46249999999999997 0.1765625 0.17916666666666667
0 0.75 0.9385416666666666 0.14375000000000002 0.10625
0 0.9656250000000001 0.21875 0.065625 0.19166666666666665
