0 0.4078125 0.834375 0.15000000000000002 0.21458333333333332
0 0.7507812500000001 0.7020833333333333 0.1328125 0.18333333333333332
0 0.25390625 0.5625 0.18906250000000002 0.2125
0 0.515625 0.5364583333333334 0.18125000000000002 0.18541666666666667
0 0.9007812500000001 0.6760416666666667 0.1640625 0.17708333333333334
0 0.8757812500000001 0.9093749999999999 0.1796875 0.17708333333333334
0 0.23046875 0.928125 0.17343750000000002 0.13958333333333334
0 0.1015625 0.8239583333333333 0.184375 0.18125
0 0.6570312500000001 0.3489583333333333 0.15156250000000002 0.21875
0 0.7914062500000001 0.36354166666666665 0.13593750000000002 0.22291666666666665
0 0.5164062500000001 0.284375 0.13593750000000002 0.22291666666666665
0 0.6078125000000001 0.6635416666666667 0.171875 0.19375
0 0.94296875 0.49895833333333334 0.11093750000000001 0.18958333333333333
0 0.7039062500000001 0.903125 0.1765625 0.18958333333333333
