0 0.31640625 0.3989583333333333 0.1453125 0.21875
0 0.07187500000000001 0.5427083333333333 0.14375000000000002 0.21875
0 0.18671875000000002 0.7416666666666667 0.1484375 0.24166666666666667
0 0.6335937500000001 0.8312499999999999 0.1484375 0.2
0 0.6640625 0.39375 0.146875 0.2375
0 0.5109375 0.36354166666666665 0.15000000000000002 0.22291666666666665
0 0.6218750000000001 0.5875 0.15937500000000002 0.225
0 0.728125 0.5979166666666667 0.15937500000000002 0.225
0 0.7765625 0.8708333333333333 0.15937500000000002 0.225
0 0.5703125 0.065625 0.15625 0.13125
0 0.12265625000000001 0.23124999999999998 0.16718750000000002 0.225
0 0.73828125 0.08333333333333333 0.15781250000000002 0.16666666666666666
0 0.8562500000000001 0.06770833333333333 0.15937500000000002 0.13541666666666666
