0 0.64609375 0.47291666666666665 0.1703125 0.24166666666666667
0 0.665625 0.11354166666666667 0.1625 0.22708333333333333
0 0.46796875000000004 0.4666666666666667 0.1921875 0.2875
0 0.82578125 0.4895833333333333 0.1609375 0.2
0 0.7718750000000001 0.278125 0.14375000000000002 0.20208333333333334
0 0.3046875 0.14479166666666665 0.15625 0.19375
0 0.16875 0.6447916666666667 0.18125000000000002 0.18125
0 0.33203125 0.5666666666666667 0.1390625 0.1625
0 0.340625 0.7052083333333333 0.140625 0.23541666666666666
0 0.9460937500000001 0.5541666666666667 0.1046875 0.2875
0 0.23359375000000002 0.36354166666666665 0.1796875 0.2604166666666667
