0 0.43125 0.8156249999999999 0.171875 0.20625
0 0.5984375000000001 0.8510416666666667 0.171875 0.20625
0 0.7875000000000001 0.8635416666666667 0.171875 0.20625
0 0.9078125 0.65625 0.18125000000000002 0.2375
0 0.85703125 0.09583333333333333 0.1796875 0.19166666666666665
0 0.6234375000000001 0.328125 0.18125000000000002 0.24375
0 0.70078125 0.14166666666666666 0.1703125 0.22916666666666666
0 0.05078125 0.8072916666666666 0.1015625 0.23958333333333334
0 0.07265625 0.3729166666666667 0.1453125 0.2125
0 0.6890625 0.4895833333333333 0.146875 0.2125
0 0.8375 0.24375 0.19062500000000002 0.20416666666666666
