0 0.6937500000000001 0.5645833333333333 0.15625 0.20833333333333334
0 0.14296875 0.33958333333333335 0.1421875 0.2
0 0.28046875 0.32708333333333334 0.1265625 0.22083333333333333
0 0.2015625 0.8604166666666666 0.146875 0.175
0 0.76953125 0.7177083333333333 0.0765625 0.30625
0 0.909375 0.6979166666666666 0.15000000000000002 0.19583333333333333
0 0.64453125 0.753125 0.18906250000000002 0.22291666666666665
0 0.8265625000000001 0.2916666666666667 0.146875 0.1875
0 0.90234375 0.26875 0.1546875 0.17916666666666667
0 0.6296875000000001 0.23854166666666665 0.146875 0.20208333333333334
0 0.09531250000000001 0.6322916666666667 0.134375 0.19791666666666666
0 0.08671875000000001 0.7291666666666666 0.1421875 0.19166666666666665
0 0.49921875000000004 0.31875 0.1171875 0.21666666666666667
