0 0.7046875 0.6145833333333334 0.1625 0.20416666666666666
0 0.7046875 0.7375 0.1625 0.20416666666666666
0 0.9171875 0.49374999999999997 0.1625 0.20416666666666666
0 0.59921875 0.08958333333333333 0.1640625 0.17916666666666667
0 0.18046875 0.19166666666666665 0.1609375 0.23333333333333334
0 0.7859375000000001 0.10520833333333333 0.1625 0.18125
0 0.7703125000000001 0.4125 0.1625 0.225
0 0.4734375 0.4458333333333333 0.1625 0.20416666666666666
0 0.060937500000000006 0.34375 0.12187500000000001 0.20833333333333334
0 0.5476562500000001 0.865625 0.15781250000000002 0.21041666666666667
0 0.58984375 0.2947916666666667 0.15781250000000002 0.21041666666666667
