0 0.7234375000000001 0.8822916666666667 0.15000000000000002 0.22291666666666665
0 0.8 0.2947916666666667 0.16562500000000002 0.21875
0 0.7375 0.6072916666666667 0.184375 0.19791666666666666
0 0.36250000000000004 0.6729166666666666 0.140625 0.20833333333333334
0 0.25859375 0.8145833333333333 0.1546875 0.2
0 0.309375 0.8958333333333334 0.15937500000000002 0.1625
0 0.56640625 0.240625 0.1703125 0.21458333333333332
0 0.6984375 0.6479166666666667 0.140625 0.19583333333333333
0 0.9382812500000001 0.353125 0.11406250000000001 0.22291666666666665
0 0.9320312500000001 0.17604166666666665 0.1328125 0.19375
