0 0.2734375 0.9072916666666666 0.178125 0.17708333333333334
0 0.3796875 0.0875 0.178125 0.175
0 0.8640625000000001 0.5770833333333333 0.16562500000000002 0.2
0 0.89375 0.8979166666666667 0.16562500000000002 0.2
0 0.5554687500000001 0.47291666666666665 0.1796875 0.22083333333333333
0 0.23828125 0.15208333333333332 0.1796875 0.22083333333333333
0 0.15859375 0.35625 0.1796875 0.22083333333333333
0 0.15625 0.6739583333333333 0.16875 0.25625
0 0.915625 0.7114583333333333 0.16562500000000002 0.19791666666666666
0 0.7515625 0.3885416666666667 0.16562500000000002 0.19791666666666666
