0 0.20390625 0.7229166666666667 0.1390625 0.2
0 0.55703125 0.48020833333333335 0.18281250000000002 0.21458333333333332
0 0.9304687500000001 0.571875 0.13593750000000002 0.19375
0 0.875 0.4010416666666667 0.1625 0.21458333333333332
0 0.8609375 0.10416666666666667 0.16562500000000002 0.20833333333333334
0 0.7890625 0.23229166666666667 0.16562500000000002 0.21041666666666667
0 0.915625 0.22395833333333334 0.16562500000000002 0.21041666666666667
0 0.7273437500000001 0.603125 0.18281250000000002 0.21458333333333332
0 0.58203125 0.8833333333333333 0.1390625 0.19583333333333333
0 0.8382812500000001 0.9125 0.1453125 0.17083333333333334
0 0.7054687500000001 0.9125 0.1453125 0.17083333333333334
0 0.08046875 0.9125 0.1453125 0.17083333333333334
0 0.30078125 0.15625 0.1296875 0.22083333333333333
