0 0.42500000000000004 0.6833333333333333 0.178125 0.20833333333333334
0 0.26953125 0.8520833333333333 0.1765625 0.2708333333333333
0 0.7937500000000001 0.75625 0.178125 0.20833333333333334
0 0.6890625 0.7625 0.178125 0.20833333333333334
0 0.8679687500000001 0.5677083333333334 0.1609375 0.21458333333333332
0 0.8390625 0.4666666666666667 0.15625 0.19166666666666665
0 0.821875 0.2125 0.15625 0.19166666666666665
0 0.7421875 0.23958333333333334 0.15625 0.19166666666666665
0 0.6687500000000001 0.45729166666666665 0.16562500000000002 0.21458333333333332
0 0.07421875 0.4739583333333333 0.1484375 0.20625
0 0.07421875 0.10104166666666667 0.1484375 0.20208333333333334
0 0.5203125000000001 0.5114583333333333 0.15000000000000002 0.20625
