0 0.09921875000000001 0.50625 0.1390625 0.21666666666666667
0 0.57421875 0.6729166666666666 0.1703125 0.19583333333333333
0 0.83203125 0.503125 0.1765625 0.19375
0 0.84921875 0.7385416666666667 0.1765625 0.21875
0 0.67578125 0.278125 0.1765625 0.21875
0 0.24765625000000002 0.21041666666666667 0.1484375 0.19166666666666665
0 0.32890625 0.9020833333333333 0.1484375 0.19166666666666665
0 0.69296875 0.85625 0.1484375 0.19166666666666665
0 0.43671875000000004 0.125 0.1484375 0.19166666666666665
0 0.58203125 0.6145833333333334 0.1703125 0.19583333333333333
0 0.13203125000000002 0.53125 0.1390625 0.21666666666666667
