0 0.4140625 0.7916666666666666 0.171875 0.15
0 0.6859375000000001 0.378125 0.171875 0.23958333333333334
0 0.4734375 0.35104166666666664 0.171875 0.23958333333333334
0 0.85078125 0.45 0.18281250000000002 0.24166666666666667
0 0.40703125 0.10625 0.1796875 0.2125
0 0.16875 0.6947916666666667 0.13125 0.20208333333333334
0 0.81171875 0.9177083333333333 0.1421875 0.16041666666666665
0 0.571875 0.9177083333333333 0.184375 0.16041666666666665
0 0.11953125 0.23541666666666666 0.1609375 0.22916666666666666
0 0.06171875 0.17083333333333334 0.1234375 0.2625
