0 0.42109375000000004 0.13020833333333334 0.1546875 0.20625
0 0.6023437500000001 0.20729166666666665 0.1546875 0.20625
0 0.5796875 0.2677083333333333 0.16562500000000002 0.21041666666666667
0 0.6414062500000001 0.4864583333333333 0.16718750000000002 0.17708333333333334
0 0.11093750000000001 0.7322916666666667 0.15000000000000002 0.23958333333333334
0 0.7875000000000001 0.3489583333333333 0.14375000000000002 0.22291666666666665
0 0.25625000000000003 0.11875 0.15000000000000002 0.2375
0 0.6960937500000001 0.7041666666666666 0.15781250000000002 0.23333333333333334
0 0.9484375 0.728125 0.1 0.18958333333333333
0 0.43671875000000004 0.7916666666666666 0.1453125 0.1875
0 0.23828125 0.8864583333333333 0.2078125 0.19791666666666666
0 0.8078125 0.6 0.19687500000000002 0.2125
