0 0.14609375 0.44166666666666665 0.13593750000000002 0.225
0 0.421875 0.68125 0.19062500000000002 0.225
0 0.8734375000000001 0.49166666666666664 0.140625 0.2125
0 0.74140625 0.44166666666666665 0.1640625 0.21666666666666667
0 0.65390625 0.890625 0.18906250000000002 0.21458333333333332
0 0.4921875 0.9239583333333333 0.19375 0.14791666666666667
0 0.29765625 0.9239583333333333 0.1421875 0.14791666666666667
0 0.16796875 0.9395833333333333 0.1234375 0.11666666666666667
0 0.25234375000000003 0.26979166666666665 0.1484375 0.17291666666666666
0 0.4109375 0.08541666666666667 0.171875 0.17083333333333334
0 0.23671875 0.071875 0.1609375 0.14375
0 0.6335937500000001 0.071875 0.1609375 0.14375
0 0.8406250000000001 0.84375 0.12812500000000002 0.20416666666666666
0 0.671875 0.6895833333333333 0.146875 0.19166666666666665
0 0.8226562500000001 0.2739583333333333 0.1609375 0.20208333333333334
