0 0.26953125 0.18020833333333333 0.17343750000000002 0.26458333333333334
0 0.72421875 0.4145833333333333 0.1453125 0.20833333333333334
0 0.5546875 0.08125 0.16562500000000002 0.1625
0 0.5265625 0.3875 0.16875 0.22083333333333333
0 0.140625 0.48333333333333334 0.16875 0.19166666666666665
0 0.31171875000000004 0.584375 0.17343750000000002 0.16041666666666665
0 0.3203125 0.3802083333333333 0.15625 0.18958333333333333
0 0.8562500000000001 0.5927083333333333 0.153125 0.23541666666666666
0 0.07578125000000001 0.26145833333333335 0.15156250000000002 0.23541666666666666
0 0.61484375 0.17708333333333334 0.1953125 0.2375
0 0.58046875 0.9208333333333333 0.20468750000000002 0.15
