0 0.2171875 0.29375 0.15625 0.2125
0 0.5 0.35625 0.15625 0.2125
0 0.8609375 0.09166666666666666 0.16562500000000002 0.18333333333333332
0 0.7507812500000001 0.315625 0.13593750000000002 0.2520833333333333
0 0.6515625 0.6458333333333334 0.15625 0.2125
0 0.7109375 0.8229166666666666 0.16562500000000002 0.22916666666666666
0 0.39375000000000004 0.5145833333333333 0.17500000000000002 0.275
0 0.23750000000000002 0.5114583333333333 0.1375 0.20208333333333334
0 0.12421875 0.7635416666666667 0.1765625 0.23541666666666666
0 0.94140625 0.65625 0.11406250000000001 0.2708333333333333
0 0.68125 0.3520833333333333 0.15625 0.2125
0 0.84140625 0.7739583333333333 0.1640625 0.21041666666666667
