0 0.4390625 0.39479166666666665 0.17500000000000002 0.20625
0 0.390625 0.20208333333333334 0.21250000000000002 0.24166666666666667
0 0.596875 0.4041666666666667 0.17500000000000002 0.21666666666666667
0 0.8703125 0.7104166666666667 0.16562500000000002 0.2125
0 0.9140625 0.9010416666666666 0.1625 0.19375
0 0.33671875 0.9166666666666666 0.1609375 0.1625
0 0.515625 0.709375 0.18125000000000002 0.20208333333333334
0 0.0734375 0.09583333333333333 0.146875 0.19166666666666665
0 0.72265625 0.61875 0.16718750000000002 0.2583333333333333
0 0.62890625 0.11458333333333333 0.1703125 0.22916666666666666
0 0.9375 0.2677083333333333 0.12187500000000001 0.24375
0 0.89609375 0.48333333333333334 0.1546875 0.24583333333333332
0 0.259375 0.4708333333333333 0.184375 0.24166666666666667
