0 0.12578125 0.715625 0.1796875 0.21875
0 0.19296875000000002 0.8885416666666667 0.1796875 0.21875
0 0.8539062500000001 0.7260416666666667 0.1796875 0.21875
0 0.9085937500000001 0.8802083333333334 0.1796875 0.21875
0 0.33359375 0.65 0.1921875 0.17916666666666667
0 0.41640625000000003 0.7572916666666667 0.1171875 0.17708333333333334
0 0.5085937500000001 0.784375 0.1171875 0.17708333333333334
0 0.8921875 0.16145833333333334 0.20625000000000002 0.27291666666666664
0 0.53359375 0.09166666666666666 0.1796875 0.18333333333333332
0 0.13984375000000002 0.37604166666666666 0.1796875 0.18541666666666667
0 0.87265625 0.49166666666666664 0.20468750000000002 0.2791666666666667
