0 0.6640625 0.6833333333333333 0.171875 0.2125
0 0.915625 0.44479166666666664 0.153125 0.19791666666666666
0 0.8546875 0.22708333333333333 0.15937500000000002 0.20416666666666666
0 0.22968750000000002 0.5635416666666666 0.134375 0.21041666666666667
0 0.41640625000000003 0.8135416666666666 0.1328125 0.17708333333333334
0 0.16875 0.646875 0.134375 0.18958333333333333
0 0.07109375 0.07395833333333333 0.1421875 0.14791666666666667
0 0.11171875 0.4010416666666667 0.1296875 0.17291666666666666
0 0.6570312500000001 0.4114583333333333 0.1390625 0.18958333333333333
0 0.49531250000000004 0.16979166666666667 0.19375 0.22708333333333333
0 0.16875 0.203125 0.14375000000000002 0.23124999999999998
0 0.7289062500000001 0.2375 0.1546875 0.2125
0 0.5476562500000001 0.8489583333333334 0.1390625 0.18958333333333333
