0 0.5632812500000001 0.24375 0.1921875 0.2125
0 0.8226562500000001 0.28125 0.1921875 0.2125
0 0.81015625 0.40625 0.1921875 0.2125
0 0.7406250000000001 0.628125 0.19062500000000002 0.17708333333333334
0 0.3671875 0.509375 0.15000000000000002 0.21875
0 0.2109375 0.5989583333333334 0.15000000000000002 0.21875
0 0.1171875 0.20729166666666665 0.15000000000000002 0.21875
0 0.43515625 0.9114583333333334 0.1609375 0.17291666666666666
0 0.3921875 0.3052083333333333 0.15937500000000002 0.18958333333333333
0 0.5242187500000001 0.684375 0.16718750000000002 0.21041666666666667
0 0.93515625 0.8041666666666667 0.1265625 0.2375
0 0.08750000000000001 0.8541666666666666 0.171875 0.21666666666666667
