0 0.125 0.69375 0.16562500000000002 0.2
0 0.20390625 0.515625 0.1546875 0.19791666666666666
0 0.16953125000000002 0.0875 0.1546875 0.175
0 0.36250000000000004 0.1125 0.16562500000000002 0.21666666666666667
0 0.6109375 0.0875 0.19687500000000002 0.175
0 0.55234375 0.309375 0.15781250000000002 0.21875
0 0.71484375 0.37395833333333334 0.15781250000000002 0.21875
0 0.8187500000000001 0.6385416666666667 0.178125 0.17291666666666666
0 0.33437500000000003 0.8875 0.178125 0.22083333333333333
0 0.8796875000000001 0.27291666666666664 0.178125 0.22083333333333333
0 0.8203125 0.16875 0.178125 0.22083333333333333
0 0.909375 0.47812499999999997 0.178125 0.17291666666666666
0 0.38046875 0.5333333333333333 0.15781250000000002 0.22083333333333333
0 0.29375 0.34791666666666665 0.17500000000000002 0.24583333333333332
