0 0.5578125 0.584375 0.15937500000000002 0.19375
0 0.6015625 0.3729166666666667 0.17500000000000002 0.19583333333333333
0 0.384375 0.425 0.171875 0.22916666666666666
0 0.48281250000000003 0.09583333333333333 0.17500000000000002 0.19166666666666665
0 0.1484375 0.13125 0.1375 0.2
0 0.12578125 0.6197916666666666 0.1703125 0.18958333333333333
0 0.60546875 0.21354166666666666 0.1703125 0.18958333333333333
0 0.47578125000000004 0.7635416666666667 0.16718750000000002 0.21041666666666667
0 0.38359375 0.6822916666666666 0.1453125 0.2604166666666667
0 0.83203125 0.41770833333333335 0.1765625 0.15208333333333332
0 0.775 0.34479166666666666 0.16562500000000002 0.15625
