0 0.34453125 0.44687499999999997 0.1203125 0.29791666666666666
0 0.29375 0.18645833333333334 0.1875 0.21041666666666667
0 0.20703125 0.4114583333333333 0.1484375 0.18958333333333333
0 0.1703125 0.5864583333333333 0.16875 0.20625
0 0.4078125 0.7666666666666666 0.178125 0.23333333333333334
0 0.48125 0.5395833333333333 0.16562500000000002 0.20416666666666666
0 0.61484375 0.409375 0.1859375 0.20208333333333334
0 0.10390625 0.8125 0.1796875 0.2583333333333333
0 0.08515625 0.275 0.1703125 0.225
0 0.5921875 0.19791666666666666 0.14375000000000002 0.23333333333333334
0 0.6828125 0.18854166666666666 0.19375 0.2520833333333333
0 0.85859375 0.6416666666666666 0.1640625 0.21666666666666667
0 0.8718750000000001 0.7645833333333333 0.15000000000000002 0.19166666666666665
0 0.8148437500000001 0.34270833333333334 0.15156250000000002 0.18541666666666667
