0 0.6429687500000001 0.634375 0.19843750000000002 0.23541666666666666
0 0.48125 0.7052083333333333 0.16875 0.2604166666666667
0 0.33203125 0.74375 0.15781250000000002 0.17083333333333334
0 0.290625 0.8135416666666666 0.171875 0.17708333333333334
0 0.07421875 0.8854166666666666 0.1484375 0.20833333333333334
0 0.19375 0.28541666666666665 0.125 0.2
0 0.90546875 0.4145833333333333 0.15156250000000002 0.22083333333333333
0 0.7757812500000001 0.859375 0.1640625 0.20625
0 0.7679687500000001 0.21979166666666666 0.17343750000000002 0.21875
0 0.5437500000000001 0.2 0.14375000000000002 0.18333333333333332
0 0.465625 0.15416666666666667 0.140625 0.19583333333333333
