0 0.36484375 0.5145833333333333 0.20468750000000002 0.2875
0 0.7351562500000001 0.8197916666666667 0.15156250000000002 0.24375
0 0.90546875 0.865625 0.15156250000000002 0.24375
0 0.62421875 0.17916666666666667 0.1484375 0.2
0 0.6203125 0.38229166666666664 0.16562500000000002 0.2520833333333333
0 0.5640625 0.609375 0.16562500000000002 0.2520833333333333
0 0.91328125 0.434375 0.16718750000000002 0.24375
0 0.8171875000000001 0.26145833333333335 0.215625 0.23958333333333334
0 0.1078125 0.5229166666666667 0.20625000000000002 0.26666666666666666
0 0.25 0.28229166666666666 0.184375 0.24791666666666667
