0 0.42500000000000004 0.5572916666666666 0.16562500000000002 0.19375
0 0.65 0.12916666666666665 0.16875 0.24583333333333332
0 0.72421875 0.4166666666666667 0.1328125 0.2125
0 0.48125 0.11562499999999999 0.16562500000000002 0.21875
0 0.29296875 0.37916666666666665 0.2265625 0.22916666666666666
0 0.6804687500000001 0.7041666666666666 0.1796875 0.2125
0 0.19296875000000002 0.5614583333333333 0.1203125 0.16041666666666665
0 0.17265625 0.8791666666666667 0.1546875 0.19583333333333333
0 0.24140625000000002 0.175 0.1703125 0.23333333333333334
0 0.4734375 0.365625 0.16875 0.21041666666666667
0 0.34765625 0.88125 0.15156250000000002 0.23333333333333334
