0 0.5867187500000001 0.6020833333333333 0.1421875 0.2125
0 0.45703125 0.8541666666666666 0.16718750000000002 0.2
0 0.36328125 0.68125 0.16718750000000002 0.2
0 0.20546875 0.8166666666666667 0.16718750000000002 0.2
0 0.0765625 0.840625 0.153125 0.19375
0 0.6257812500000001 0.9239583333333333 0.1453125 0.14791666666666667
0 0.06796875000000001 0.3260416666666667 0.13593750000000002 0.19375
0 0.6023437500000001 0.10520833333333333 0.13593750000000002 0.19375
0 0.94296875 0.36875 0.11093750000000001 0.18333333333333332
0 0.8453125 0.7333333333333333 0.146875 0.2375
0 0.7781250000000001 0.5114583333333333 0.203125 0.20208333333333334
0 0.33203125 0.2 0.1421875 0.2125
0 0.21328125 0.22708333333333333 0.2015625 0.17916666666666667
0 0.721875 0.309375 0.209375 0.26875
