0 0.58203125 0.365625 0.1453125 0.21875
0 0.296875 0.8010416666666667 0.178125 0.22708333333333333
0 0.4578125 0.8052083333333333 0.178125 0.22708333333333333
0 0.6312500000000001 0.5072916666666667 0.178125 0.22708333333333333
0 0.77109375 0.26875 0.1390625 0.18333333333333332
0 0.946875 0.08020833333333333 0.10312500000000001 0.16041666666666665
0 0.91015625 0.26458333333333334 0.1484375 0.2
0 0.9484375 0.7239583333333334 0.1 0.22291666666666665
0 0.7578125 0.8020833333333334 0.16562500000000002 0.20833333333333334
0 0.1859375 0.4395833333333333 0.16562500000000002 0.20833333333333334
