0 0.178125 0.22604166666666667 0.15625 0.28125
0 0.67109375 0.08541666666666667 0.1796875 0.17083333333333334
0 0.44609375 0.1125 0.1859375 0.21666666666666667
0 0.8523437500000001 0.3729166666666667 0.1859375 0.21666666666666667
0 0.36484375 0.70625 0.1859375 0.21666666666666667
0 0.23750000000000002 0.9010416666666666 0.184375 0.19375
0 0.56953125 0.8479166666666667 0.1703125 0.2375
0 0.15781250000000002 0.6572916666666666 0.16562500000000002 0.18125
0 0.340625 0.2708333333333333 0.16875 0.225
0 0.275 0.47812499999999997 0.22187500000000002 0.2604166666666667
0 0.81171875 0.9114583333333334 0.1703125 0.17291666666666666
0 0.93359375 0.528125 0.1296875 0.21875
