0 0.5984375000000001 0.85625 0.1625 0.19583333333333333
0 0.43281250000000004 0.9125 0.153125 0.17083333333333334
0 0.87421875 0.35520833333333335 0.1609375 0.22291666666666665
0 0.71640625 0.128125 0.1609375 0.22291666666666665
0 0.54453125 0.290625 0.1796875 0.22291666666666665
0 0.58203125 0.47291666666666665 0.1421875 0.225
0 0.49140625000000004 0.6416666666666666 0.1421875 0.225
0 0.55390625 0.684375 0.1078125 0.16041666666666665
0 0.047656250000000004 0.16666666666666666 0.09531250000000001 0.21666666666666667
0 0.13515625 0.3260416666666667 0.1796875 0.22291666666666665
0 0.4078125 0.221875 0.153125 0.21875
0 0.5046875000000001 0.07916666666666666 0.15625 0.15833333333333333
0 0.259375 0.20520833333333333 0.184375 0.20208333333333334
0 0.83515625 0.8697916666666666 0.1609375 0.22291666666666665
0 0.057031250000000006 0.8895833333333333 0.11406250000000001 0.19166666666666665
