0 0.8445312500000001 0.5302083333333333 0.2109375 0.22291666666666665
0 0.62109375 0.603125 0.1328125 0.17708333333333334
0 0.69140625 0.8020833333333334 0.15781250000000002 0.17916666666666667
0 0.44062500000000004 0.4041666666666667 0.15937500000000002 0.1875
0 0.728125 0.09270833333333334 0.15937500000000002 0.18541666666666667
0 0.39687500000000003 0.18541666666666667 0.15937500000000002 0.1875
0 0.41875 0.75 0.15937500000000002 0.1875
0 0.87265625 0.734375 0.1640625 0.18958333333333333
0 0.8609375 0.9208333333333333 0.15937500000000002 0.15416666666666667
0 0.065625 0.55625 0.13125 0.16666666666666666
