0 0.79296875 0.3260416666666667 0.16718750000000002 0.21458333333333332
0 0.84765625 0.6239583333333333 0.16718750000000002 0.21458333333333332
0 0.9226562500000001 0.45 0.15156250000000002 0.21666666666666667
0 0.9421875000000001 0.7802083333333333 0.1125 0.21875
0 0.57421875 0.86875 0.18281250000000002 0.22083333333333333
0 0.5578125 0.209375 0.1875 0.23124999999999998
0 0.3921875 0.16979166666666667 0.153125 0.24375
0 0.6898437500000001 0.11041666666666666 0.15156250000000002 0.22083333333333333
0 0.059375000000000004 0.4270833333333333 0.11875000000000001 0.22083333333333333
0 0.051562500000000004 0.8927083333333333 0.10312500000000001 0.21041666666666667
0 0.0703125 0.07708333333333334 0.140625 0.15416666666666667
0 0.23671875 0.09583333333333333 0.1796875 0.19166666666666665
0 0.14609375 0.7552083333333334 0.1796875 0.19375
