0 0.6648437500000001 0.13125 0.1640625 0.2
0 0.8289062500000001 0.14375 0.1640625 0.2
0 0.67578125 0.39791666666666664 0.1640625 0.2
0 0.42109375000000004 0.8010416666666667 0.1765625 0.21875
0 0.30859375 0.5979166666666667 0.1859375 0.25416666666666665
0 0.28671875 0.22291666666666665 0.1484375 0.20833333333333334
0 0.77734375 0.8354166666666667 0.1859375 0.25416666666666665
0 0.6828125 0.9270833333333334 0.15937500000000002 0.1375
0 0.88828125 0.5395833333333333 0.1859375 0.16666666666666666
0 0.11015625000000001 0.18645833333333334 0.18281250000000002 0.26458333333333334
0 0.42500000000000004 0.084375 0.140625 0.16875
0 0.321875 0.7635416666666667 0.184375 0.18958333333333333
0 0.6078125000000001 0.784375 0.16875 0.23541666666666666
