0 0.6640625 0.503125 0.15625 0.21458333333333332
0 0.58828125 0.525 0.1609375 0.26666666666666666
0 0.8460937500000001 0.5583333333333333 0.18281250000000002 0.23333333333333334
0 0.9046875000000001 0.753125 0.15937500000000002 0.20208333333333334
0 0.39765625000000004 0.5416666666666666 0.1703125 0.22916666666666666
0 0.1046875 0.31666666666666665 0.14375000000000002 0.2
0 0.08750000000000001 0.775 0.14375000000000002 0.20416666666666666
0 0.87890625 0.13125 0.1390625 0.175
0 0.42812500000000003 0.334375 0.1375 0.18541666666666667
0 0.18125000000000002 0.8468749999999999 0.1875 0.23958333333333334
0 0.47734375 0.8291666666666666 0.1953125 0.20833333333333334
