0 0.70703125 0.15625 0.15156250000000002 0.20416666666666666
0 0.8093750000000001 0.5416666666666666 0.16562500000000002 0.23333333333333334
0 0.878125 0.6010416666666667 0.18125000000000002 0.18125
0 0.815625 0.8791666666666667 0.215625 0.2375
0 0.30390625000000004 0.86875 0.1609375 0.19583333333333333
0 0.14140625 0.6916666666666667 0.1609375 0.19583333333333333
0 0.53515625 0.6083333333333333 0.1609375 0.19583333333333333
0 0.43671875000000004 0.3229166666666667 0.1609375 0.19583333333333333
0 0.30390625000000004 0.6166666666666667 0.1390625 0.17916666666666667
0 0.2015625 0.4739583333333333 0.17500000000000002 0.21458333333333332
0 0.88046875 0.19791666666666666 0.15156250000000002 0.20416666666666666
0 0.17265625 0.9041666666666667 0.1390625 0.17916666666666667
0 0.1453125 0.09479166666666666 0.16562500000000002 0.15625
0 0.07968750000000001 0.18645833333333334 0.15937500000000002 0.19791666666666666
