0 0.59921875 0.11770833333333333 0.1703125 0.17708333333333334
0 0.44609375 0.15520833333333334 0.15781250000000002 0.23124999999999998
0 0.5640625 0.5791666666666666 0.134375 0.2
0 0.84296875 0.42291666666666666 0.16718750000000002 0.25416666666666665
0 0.503125 0.921875 0.134375 0.15208333333333332
0 0.3953125 0.921875 0.134375 0.15208333333333332
0 0.9320312500000001 0.746875 0.1328125 0.23124999999999998
0 0.75 0.696875 0.184375 0.21875
0 0.20390625 0.0875 0.1703125 0.175
0 0.125 0.11979166666666667 0.140625 0.19375
