0 0.8382812500000001 0.8614583333333333 0.17343750000000002 0.22291666666666665
0 0.74921875 0.5739583333333333 0.17343750000000002 0.22291666666666665
0 0.6335937500000001 0.8572916666666667 0.17343750000000002 0.22291666666666665
0 0.7289062500000001 0.25729166666666664 0.1921875 0.25625
0 0.06875 0.6479166666666667 0.1375 0.25416666666666665
0 0.0734375 0.28229166666666666 0.14375000000000002 0.24791666666666667
0 0.87109375 0.325 0.1390625 0.19166666666666665
0 0.18984375 0.6729166666666666 0.1328125 0.20416666666666666
0 0.1375 0.06979166666666667 0.178125 0.13958333333333334
0 0.5203125000000001 0.18020833333333333 0.1625 0.19791666666666666
