0 0.11953125 0.30625 0.16718750000000002 0.225
0 0.72265625 0.6322916666666667 0.1921875 0.22291666666666665
0 0.7367187500000001 0.8864583333333333 0.1921875 0.22291666666666665
0 0.9164062500000001 0.109375 0.1546875 0.21875
0 0.6046875 0.41770833333333335 0.14375000000000002 0.19791666666666666
0 0.78828125 0.253125 0.16718750000000002 0.20625
0 0.23671875 0.5760416666666667 0.16718750000000002 0.20625
0 0.1484375 0.6052083333333333 0.1875 0.21875
0 0.32343750000000004 0.23854166666666665 0.1625 0.21875
0 0.6734375 0.4302083333333333 0.1375 0.17708333333333334
