0 0.18906250000000002 0.11770833333333333 0.140625 0.17291666666666666
0 0.15156250000000002 0.23020833333333332 0.140625 0.17291666666666666
0 0.05625 0.38645833333333335 0.1125 0.17291666666666666
0 0.31953125000000004 0.4041666666666667 0.1453125 0.225
0 0.578125 0.096875 0.1125 0.19375
0 0.57421875 0.2583333333333333 0.1640625 0.19166666666666665
0 0.7679687500000001 0.09479166666666666 0.1640625 0.18958333333333333
0 0.21875 0.8020833333333334 0.19062500000000002 0.22083333333333333
0 0.4265625 0.9145833333333333 0.178125 0.16666666666666666
0 0.6359375 0.7291666666666666 0.153125 0.16666666666666666
0 0.68515625 0.5479166666666666 0.15781250000000002 0.19166666666666665
0 0.86484375 0.79375 0.15781250000000002 0.19166666666666665
0 0.8992187500000001 0.5770833333333333 0.09843750000000001 0.19166666666666665
0 0.44375000000000003 0.28125 0.178125 0.22083333333333333
