0 0.7820312500000001 0.828125 0.1921875 0.21458333333333332
0 0.515625 0.453125 0.178125 0.16458333333333333
0 0.60859375 0.6510416666666666 0.15781250000000002 0.21875
0 0.6578125 0.32395833333333335 0.18125000000000002 0.22291666666666665
0 0.67890625 0.09375 0.1796875 0.1875
0 0.1421875 0.884375 0.1875 0.22708333333333333
0 0.0859375 0.6708333333333333 0.15625 0.19583333333333333
0 0.1046875 0.1875 0.19375 0.20833333333333334
0 0.23671875 0.07395833333333333 0.1703125 0.14791666666666667
0 0.40703125 0.07395833333333333 0.1703125 0.14791666666666667
0 0.8671875 0.2635416666666667 0.16562500000000002 0.21875
0 0.578125 0.734375 0.16562500000000002 0.21875
0 0.3453125 0.8052083333333333 0.15937500000000002 0.17708333333333334
0 0.37890625 0.22291666666666665 0.1953125 0.25416666666666665
0 0.9359375000000001 0.3802083333333333 0.125 0.20208333333333334
0 0.07500000000000001 0.37395833333333334 0.15000000000000002 0.19375
