0 0.32421875 0.8624999999999999 0.1640625 0.19166666666666665
0 0.8953125000000001 0.5520833333333334 0.18125000000000002 0.22083333333333333
0 0.915625 0.7854166666666667 0.16562500000000002 0.22916666666666666
0 0.7953125000000001 0.7166666666666667 0.16562500000000002 0.22916666666666666
0 0.659375 0.8104166666666667 0.19062500000000002 0.225
0 0.2609375 0.33229166666666665 0.16875 0.22291666666666665
0 0.23671875 0.5760416666666667 0.17343750000000002 0.2604166666666667
0 0.70859375 0.11666666666666667 0.16718750000000002 0.23333333333333334
0 0.290625 0.07291666666666667 0.15937500000000002 0.14583333333333334
0 0.4140625 0.19895833333333332 0.203125 0.24375
