0 0.4234375 0.4583333333333333 0.15000000000000002 0.22916666666666666
0 0.3953125 0.7375 0.15000000000000002 0.22916666666666666
0 0.0890625 0.7125 0.178125 0.25
0 0.30078125 0.371875 0.15156250000000002 0.22291666666666665
0 0.5945312500000001 0.696875 0.15156250000000002 0.22291666666666665
0 0.06796875000000001 0.4739583333333333 0.13593750000000002 0.19791666666666666
0 0.27187500000000003 0.06979166666666667 0.12812500000000002 0.13958333333333334
0 0.9328125 0.4927083333333333 0.13125 0.24375
0 0.79453125 0.6510416666666666 0.15156250000000002 0.22291666666666665
0 0.9320312500000001 0.10208333333333333 0.1328125 0.20416666666666666
0 0.68515625 0.44687499999999997 0.1609375 0.20625
0 0.91796875 0.8802083333333334 0.1609375 0.20625
0 0.696875 0.25729166666666664 0.146875 0.21458333333333332
