0 0.609375 0.6302083333333334 0.215625 0.22291666666666665
0 0.0921875 0.5979166666666667 0.184375 0.225
0 0.1296875 0.3375 0.18125000000000002 0.2375
0 0.09062500000000001 0.09583333333333333 0.171875 0.19166666666666665
0 0.325 0.31145833333333334 0.171875 0.19375
0 0.28671875 0.5197916666666667 0.1640625 0.19375
0 0.4859375 0.41770833333333335 0.1375 0.26875
0 0.5125000000000001 0.8875 0.1625 0.20833333333333334
0 0.21796875000000002 0.821875 0.1953125 0.22708333333333333
0 0.91796875 0.5364583333333334 0.1609375 0.23541666666666666
0 0.91796875 0.3145833333333333 0.1609375 0.23333333333333334
0 0.73984375 0.7625 0.1609375 0.23333333333333334
0 0.41953125 0.6666666666666666 0.1609375 0.23333333333333334
0 0.8765625 0.06145833333333333 0.19375 0.12291666666666666
