0 0.5015625 0.5052083333333334 0.1375 0.19791666666666666
0 0.628125 0.5947916666666666 0.1375 0.19791666666666666
0 0.884375 0.3260416666666667 0.1375 0.19791666666666666
0 0.7914062500000001 0.5260416666666666 0.18906250000000002 0.23124999999999998
0 0.37890625 0.31145833333333334 0.18906250000000002 0.23124999999999998
0 0.3359375 0.5270833333333333 0.1625 0.22083333333333333
0 0.37812500000000004 0.10833333333333334 0.1625 0.21666666666666667
0 0.22031250000000002 0.46458333333333335 0.1625 0.22083333333333333
0 0.8546875 0.7416666666666667 0.1625 0.22083333333333333
0 0.503125 0.8125 0.1625 0.22083333333333333
0 0.325 0.8791666666666667 0.1625 0.22083333333333333
0 0.08046875 0.75625 0.1609375 0.22083333333333333
0 0.2421875 0.7020833333333333 0.1625 0.22083333333333333
