0 0.45 0.440625 0.11875000000000001 0.19375
0 0.30781250000000004 0.8614583333333333 0.11875000000000001 0.19375
0 0.21875 0.8979166666666667 0.14375000000000002 0.16666666666666666
0 0.08671875000000001 0.765625 0.1421875 0.20208333333333334
0 0.08828125 0.2635416666666667 0.1421875 0.20208333333333334
0 0.11015625000000001 0.3927083333333333 0.1609375 0.19791666666666666
0 0.140625 0.46249999999999997 0.140625 0.18333333333333332
0 0.13671875 0.08020833333333333 0.1765625 0.16041666666666665
0 0.3640625 0.3489583333333333 0.153125 0.24791666666666667
0 0.5078125 0.2739583333333333 0.14375000000000002 0.18958333333333333
0 0.8718750000000001 0.165625 0.14375000000000002 0.18958333333333333
0 0.90546875 0.39479166666666665 0.16718750000000002 0.23541666666666666
0 0.81171875 0.559375 0.1296875 0.20208333333333334
0 0.9234375 0.8041666666666667 0.15000000000000002 0.22083333333333333
0 0.628125 0.44375 0.15000000000000002 0.22083333333333333
0 0.6671875 0.15208333333333332 0.15000000000000002 0.22083333333333333
0 0.5015625 0.09270833333333334 0.146875 0.18541666666666667
