0 0.30781250000000004 0.7302083333333333 0.140625 0.17708333333333334
0 0.27578125000000003 0.915625 0.1453125 0.16458333333333333
0 0.67109375 0.47812499999999997 0.16718750000000002 0.22708333333333333
0 0.82734375 0.6604166666666667 0.1390625 0.18333333333333332
0 0.7406250000000001 0.07604166666666666 0.12812500000000002 0.15208333333333332
0 0.8367187500000001 0.21562499999999998 0.17343750000000002 0.20625
0 0.21250000000000002 0.33541666666666664 0.146875 0.18333333333333332
0 0.5046875000000001 0.3802083333333333 0.15625 0.19375
0 0.8812500000000001 0.051041666666666666 0.15625 0.10208333333333333
0 0.93671875 0.37604166666666666 0.1234375 0.20625
0 0.95859375 0.71875 0.07968750000000001 0.175
0 0.9085937500000001 0.90625 0.17343750000000002 0.18333333333333332
0 0.52109375 0.13541666666666666 0.19843750000000002 0.2
