0 0.46796875000000004 0.13645833333333332 0.2265625 0.20625
0 0.7937500000000001 0.85 0.17500000000000002 0.20416666666666666
0 0.84296875 0.315625 0.1765625 0.23958333333333334
0 0.7781250000000001 0.4614583333333333 0.16562500000000002 0.19375
0 0.5875 0.36354166666666665 0.16562500000000002 0.19375
0 0.7609375 0.134375 0.19062500000000002 0.21458333333333332
0 0.06171875 0.146875 0.1234375 0.21041666666666667
0 0.21015625000000002 0.103125 0.1765625 0.20625
0 0.16171875000000002 0.38958333333333334 0.1765625 0.20833333333333334
0 0.15937500000000002 0.9208333333333333 0.178125 0.15416666666666667
0 0.07109375 0.8624999999999999 0.1421875 0.15833333333333333
0 0.37343750000000003 0.36875 0.14375000000000002 0.15833333333333333
0 0.909375 0.7541666666666667 0.14375000000000002 0.15833333333333333
