0 0.67734375 0.08958333333333333 0.16718750000000002 0.17916666666666667
0 0.8367187500000001 0.15104166666666666 0.17343750000000002 0.20625
0 0.5 0.2864583333333333 0.19375 0.24791666666666667
0 0.31875000000000003 0.06979166666666667 0.15937500000000002 0.13958333333333334
0 0.10078125 0.571875 0.19843750000000002 0.23124999999999998
0 0.553125 0.8864583333333333 0.146875 0.22291666666666665
0 0.2484375 0.20416666666666666 0.18125000000000002 0.21666666666666667
0 0.6328125 0.49583333333333335 0.18125000000000002 0.21666666666666667
0 0.8109375000000001 0.56875 0.18125000000000002 0.21666666666666667
0 0.35000000000000003 0.9270833333333334 0.20625000000000002 0.13333333333333333
0 0.06484375 0.8427083333333333 0.1296875 0.20208333333333334
