0 0.24921875000000002 0.7177083333333333 0.1703125 0.26458333333333334
0 0.7171875000000001 0.42604166666666665 0.18125000000000002 0.22291666666666665
0 0.7921875 0.25416666666666665 0.14375000000000002 0.22916666666666666
0 0.59296875 0.29791666666666666 0.1796875 0.2375
0 0.88984375 0.6875 0.1453125 0.23333333333333334
0 0.10312500000000001 0.74375 0.134375 0.21666666666666667
0 0.25859375 0.3364583333333333 0.1609375 0.21458333333333332
0 0.153125 0.5125 0.20625000000000002 0.19166666666666665
0 0.43828125 0.065625 0.17343750000000002 0.13125
0 0.6687500000000001 0.8385416666666666 0.209375 0.24791666666666667
