0 0.22812500000000002 0.68125 0.15937500000000002 0.20416666666666666
0 0.30859375 0.11145833333333333 0.17343750000000002 0.22291666666666665
0 0.46171875 0.08645833333333333 0.17343750000000002 0.17291666666666666
0 0.6687500000000001 0.07916666666666666 0.178125 0.15833333333333333
0 0.09609375 0.42604166666666665 0.1484375 0.17708333333333334
0 0.6414062500000001 0.7229166666666667 0.1546875 0.20833333333333334
0 0.49140625000000004 0.76875 0.1546875 0.20833333333333334
0 0.109375 0.9083333333333333 0.1375 0.17916666666666667
0 0.37734375000000003 0.46249999999999997 0.20468750000000002 0.2625
0 0.59375 0.9093749999999999 0.153125 0.17708333333333334
0 0.7015625000000001 0.9093749999999999 0.153125 0.17708333333333334
0 0.7562500000000001 0.5552083333333333 0.153125 0.17708333333333334
0 0.8734375000000001 0.071875 0.21250000000000002 0.14375
