0 0.6375000000000001 0.328125 0.15625 0.23958333333333334
0 0.7039062500000001 0.8604166666666666 0.1796875 0.20416666666666666
0 0.7562500000000001 0.4770833333333333 0.1875 0.24166666666666667
0 0.80625 0.6875 0.18125000000000002 0.17083333333333334
0 0.16328125000000002 0.9041666666666667 0.15156250000000002 0.1875
0 0.07500000000000001 0.584375 0.15000000000000002 0.20208333333333334
0 0.07500000000000001 0.36354166666666665 0.15000000000000002 0.20208333333333334
0 0.51875 0.15833333333333333 0.19375 0.23333333333333334
0 0.37109375 0.3416666666666667 0.16718750000000002 0.22916666666666666
0 0.21640625000000002 0.29583333333333334 0.16718750000000002 0.22916666666666666
0 0.25703125 0.18125 0.16718750000000002 0.22916666666666666
0 0.9390625 0.46458333333333335 0.11875000000000001 0.20833333333333334
0 0.22734375 0.5395833333333333 0.1484375 0.2
