0 0.2828125 0.5072916666666667 0.18125000000000002 0.20625
0 0.36640625000000004 0.6760416666666667 0.16718750000000002 0.18541666666666667
0 0.36328125 0.671875 0.16718750000000002 0.18541666666666667
0 0.62265625 0.528125 0.1765625 0.23124999999999998
0 0.7585937500000001 0.68125 0.1953125 0.2125
0 0.359375 0.32708333333333334 0.15937500000000002 0.21666666666666667
0 0.44140625 0.834375 0.1421875 0.20625
0 0.6156250000000001 0.7833333333333333 0.19375 0.25416666666666665
0 0.7453125 0.3260416666666667 0.13125 0.21041666666666667
0 0.08125 0.2635416666666667 0.1625 0.21041666666666667
0 0.06328125 0.43645833333333334 0.1265625 0.22291666666666665
0 0.12578125 0.6239583333333333 0.18281250000000002 0.21041666666666667
0 0.8921875 0.24583333333333332 0.17500000000000002 0.20416666666666666
0 0.30859375 0.146875 0.1703125 0.21458333333333332
