0 0.6625000000000001 0.840625 0.18125000000000002 0.18958333333333333
0 0.88203125 0.5260416666666666 0.17343750000000002 0.18958333333333333
0 0.5734375 0.678125 0.153125 0.19791666666666666
0 0.57734375 0.3020833333333333 0.17343750000000002 0.2125
0 0.6640625 0.3989583333333333 0.153125 0.19791666666666666
0 0.8812500000000001 0.16145833333333334 0.1375 0.2604166666666667
0 0.72265625 0.08854166666666667 0.1640625 0.17708333333333334
0 0.1625 0.296875 0.1375 0.30625
0 0.4296875 0.6552083333333333 0.17500000000000002 0.2520833333333333
0 0.16562500000000002 0.5427083333333333 0.17500000000000002 0.2520833333333333
0 0.8695312500000001 0.8989583333333333 0.13593750000000002 0.19791666666666666
