0 0.84296875 0.8614583333333333 0.18906250000000002 0.23958333333333334
0 0.67109375 0.5385416666666667 0.18906250000000002 0.23958333333333334
0 0.65625 0.3416666666666667 0.140625 0.17083333333333334
0 0.16562500000000002 0.45 0.1 0.2375
0 0.20703125 0.628125 0.15156250000000002 0.18541666666666667
0 0.17734375000000002 0.08125 0.1328125 0.1625
0 0.41796875 0.13020833333333334 0.1484375 0.18541666666666667
0 0.51015625 0.20833333333333334 0.1953125 0.20833333333333334
0 0.7859375000000001 0.24791666666666667 0.140625 0.17083333333333334
0 0.5203125000000001 0.7364583333333333 0.253125 0.13958333333333334
0 0.45234375000000004 0.7802083333333333 0.15781250000000002 0.19375
