0 0.11484375000000001 0.7135416666666666 0.1609375 0.20625
0 0.41171875 0.334375 0.1296875 0.17708333333333334
0 0.85859375 0.390625 0.1609375 0.19791666666666666
0 0.26171875 0.20520833333333333 0.1609375 0.19791666666666666
0 0.81796875 0.6197916666666666 0.1640625 0.23124999999999998
0 0.9328125 0.8239583333333333 0.13125 0.17708333333333334
0 0.8031250000000001 0.9197916666666667 0.153125 0.15625
0 0.55078125 0.95 0.1609375 0.09583333333333333
0 0.33437500000000003 0.9572916666666667 0.15625 0.08125
0 0.0671875 0.2125 0.134375 0.17083333333333334
