0 0.43203125000000003 0.30416666666666664 0.15781250000000002 0.2583333333333333
0 0.42890625000000004 0.3 0.15781250000000002 0.2583333333333333
0 0.6484375 0.09895833333333333 0.15625 0.19791666666666666
0 0.6125 0.38125 0.15625 0.2
0 0.3515625 0.5041666666666667 0.1875 0.2
0 0.24765625000000002 0.7427083333333333 0.1921875 0.2520833333333333
0 0.7757812500000001 0.296875 0.1921875 0.2520833333333333
0 0.7953125000000001 0.703125 0.16562500000000002 0.23124999999999998
0 0.9296875 0.7947916666666667 0.1375 0.19375
0 0.07265625 0.6447916666666667 0.1453125 0.2520833333333333
