0 0.7093750000000001 0.575 0.17500000000000002 0.17916666666666667
0 0.89609375 0.9135416666666667 0.1453125 0.16875
0 0.9148437500000001 0.25104166666666666 0.16718750000000002 0.24375
0 0.6117187500000001 0.41770833333333335 0.1765625 0.18125
0 0.31015625 0.896875 0.16718750000000002 0.20208333333333334
0 0.15078125 0.8427083333333333 0.16718750000000002 0.20208333333333334
0 0.1390625 0.5604166666666667 0.16562500000000002 0.29583333333333334
0 0.153125 0.228125 0.15000000000000002 0.18541666666666667
0 0.8734375000000001 0.48020833333333335 0.15000000000000002 0.18541666666666667
0 0.8289062500000001 0.07604166666666666 0.2109375 0.15208333333333332
0 0.13828125 0.08958333333333333 0.1765625 0.17916666666666667
0 0.46875 0.6635416666666667 0.1625 0.22291666666666665
