0 0.83359375 0.096875 0.1703125 0.18958333333333333
0 0.625 0.5322916666666666 0.16875 0.23958333333333334
0 0.8359375 0.8552083333333333 0.13125 0.22708333333333333
0 0.921875 0.28020833333333334 0.13125 0.22708333333333333
0 0.68125 0.853125 0.16875 0.23958333333333334
0 0.6234375000000001 0.09895833333333333 0.16562500000000002 0.19791666666666666
0 0.18359375 0.27708333333333335 0.19843750000000002 0.2375
0 0.484375 0.16145833333333334 0.178125 0.21041666666666667
0 0.1015625 0.515625 0.19062500000000002 0.21041666666666667
0 0.7132812500000001 0.4666666666666667 0.1703125 0.25
0 0.7117187500000001 0.6552083333333333 0.15156250000000002 0.21458333333333332
