0 0.79609375 0.26979166666666665 0.1484375 0.23958333333333334
0 0.52890625 0.2739583333333333 0.1484375 0.23958333333333334
0 0.4140625 0.12916666666666665 0.2 0.21666666666666667
0 0.25625000000000003 0.12916666666666665 0.15625 0.1875
0 0.1875 0.3020833333333333 0.15625 0.1875
0 0.3296875 0.31875 0.15625 0.1875
0 0.24453125 0.5 0.1609375 0.21666666666666667
0 0.32734375000000004 0.8312499999999999 0.1609375 0.21666666666666667
0 0.39921875 0.5125 0.1609375 0.21666666666666667
0 0.721875 0.88125 0.25 0.2
