0 0.7718750000000001 0.184375 0.15625 0.20208333333333334
0 0.8125 0.5364583333333334 0.15625 0.20208333333333334
0 0.07734375 0.1 0.1546875 0.2
0 0.08125 0.3697916666666667 0.15625 0.20208333333333334
0 0.17500000000000002 0.6552083333333333 0.15625 0.20208333333333334
0 0.61875 0.7760416666666666 0.178125 0.20625
0 0.9070312500000001 0.5729166666666666 0.17343750000000002 0.26666666666666666
0 0.47968750000000004 0.6208333333333333 0.1625 0.175
0 0.6023437500000001 0.35625 0.15781250000000002 0.1875
0 0.62890625 0.903125 0.15781250000000002 0.18958333333333333
