0 0.81015625 0.5270833333333333 0.2109375 0.225
0 0.640625 0.7677083333333333 0.16875 0.21041666666666667
0 0.5437500000000001 0.8927083333333333 0.16875 0.21041666666666667
0 0.2515625 0.565625 0.16875 0.21041666666666667
0 0.390625 0.8927083333333333 0.16875 0.21041666666666667
0 0.7703125000000001 0.153125 0.16875 0.21041666666666667
0 0.6484375 0.103125 0.16875 0.20625
0 0.9476562500000001 0.659375 0.1015625 0.20208333333333334
0 0.50234375 0.334375 0.1015625 0.20208333333333334
0 0.43359375 0.7010416666666667 0.1640625 0.18541666666666667
0 0.08281250000000001 0.8624999999999999 0.16562500000000002 0.24166666666666667
