0 0.625 0.4927083333333333 0.171875 0.17291666666666666
0 0.46406250000000004 0.6385416666666667 0.171875 0.17291666666666666
0 0.453125 0.46041666666666664 0.1625 0.2
0 0.4421875 0.090625 0.1625 0.18125
0 0.24453125 0.109375 0.16718750000000002 0.21875
0 0.55625 0.22916666666666666 0.18125000000000002 0.2125
0 0.8671875 0.159375 0.178125 0.20625
0 0.09062500000000001 0.6958333333333333 0.1625 0.2
0 0.4078125 0.8624999999999999 0.1625 0.2
0 0.8500000000000001 0.3020833333333333 0.1625 0.2
0 0.7453125 0.06875 0.10625000000000001 0.1375
0 0.08359375000000001 0.9197916666666667 0.1265625 0.15625
0 0.2984375 0.6645833333333333 0.134375 0.17083333333333334
0 0.2703125 0.8739583333333333 0.115625 0.16041666666666665
