0 0.734375 0.8479166666666667 0.15625 0.20416666666666666
0 0.49453125000000003 0.91875 0.15156250000000002 0.15833333333333333
0 0.7734375 0.25416666666666665 0.15625 0.14583333333333334
0 0.7484375000000001 0.346875 0.15625 0.15208333333333332
0 0.6046875 0.37604166666666666 0.134375 0.16458333333333333
0 0.640625 0.509375 0.184375 0.26875
0 0.6125 0.13541666666666666 0.178125 0.2
0 0.91953125 0.18854166666666666 0.15781250000000002 0.20208333333333334
0 0.07578125000000001 0.678125 0.15156250000000002 0.21041666666666667
0 0.09296875 0.9104166666666667 0.1859375 0.16666666666666666
0 0.18281250000000002 0.23229166666666667 0.153125 0.21041666666666667
0 0.340625 0.5822916666666667 0.153125 0.21041666666666667
0 0.940625 0.40729166666666666 0.115625 0.21875
0 0.7546875000000001 0.07083333333333333 0.153125 0.14166666666666666
