0 0.17578125 0.25625 0.1609375 0.2125
0 0.45234375000000004 0.5854166666666667 0.1703125 0.275
0 0.278125 0.7229166666666667 0.15625 0.2
0 0.66953125 0.759375 0.2015625 0.24791666666666667
0 0.84765625 0.17916666666666667 0.1546875 0.2125
0 0.35000000000000003 0.16145833333333334 0.15000000000000002 0.22291666666666665
0 0.19062500000000002 0.49374999999999997 0.184375 0.19166666666666665
0 0.14765625000000002 0.8458333333333333 0.15781250000000002 0.1625
0 0.9046875000000001 0.7041666666666666 0.1625 0.20833333333333334
0 0.21875 0.6010416666666667 0.2625 0.14791666666666667
