0 0.69921875 0.23124999999999998 0.15156250000000002 0.26666666666666666
0 0.88984375 0.49895833333333334 0.15781250000000002 0.21875
0 0.81640625 0.090625 0.16718750000000002 0.18125
0 0.30000000000000004 0.4708333333333333 0.16875 0.2
0 0.38671875 0.8416666666666667 0.1703125 0.2375
0 0.6156250000000001 0.8479166666666667 0.15937500000000002 0.19166666666666665
0 0.2921875 0.6604166666666667 0.16875 0.2
0 0.24140625000000002 0.875 0.17343750000000002 0.24166666666666667
0 0.47890625000000003 0.31666666666666665 0.17343750000000002 0.15416666666666667
0 0.41484375 0.11875 0.1015625 0.2375
0 0.8703125 0.2583333333333333 0.14375000000000002 0.1875
0 0.77890625 0.8291666666666666 0.1484375 0.20416666666666666
0 0.07109375 0.609375 0.1421875 0.21875
