0 0.12109375 0.775 0.18281250000000002 0.24583333333333332
0 0.5320312500000001 0.25104166666666666 0.1484375 0.21458333333333332
0 0.35703125 0.13333333333333333 0.1921875 0.19583333333333333
0 0.6726562500000001 0.20833333333333334 0.16718750000000002 0.2
0 0.63984375 0.8958333333333334 0.16718750000000002 0.2
0 0.6882812500000001 0.54375 0.16718750000000002 0.2
0 0.6804687500000001 0.44375 0.16718750000000002 0.2
0 0.87109375 0.26979166666666665 0.1703125 0.26875
0 0.240625 0.16666666666666666 0.146875 0.22083333333333333
0 0.35468750000000004 0.8229166666666666 0.146875 0.22083333333333333
0 0.7679687500000001 0.7520833333333333 0.1796875 0.21666666666666667
