0 0.3140625 0.42916666666666664 0.19375 0.19166666666666665
0 0.63203125 0.6822916666666666 0.1421875 0.18958333333333333
0 0.7703125000000001 0.7479166666666667 0.203125 0.24166666666666667
0 0.8968750000000001 0.5802083333333333 0.16875 0.20208333333333334
0 0.7171875000000001 0.42916666666666664 0.21250000000000002 0.225
0 0.7093750000000001 0.21666666666666667 0.146875 0.20416666666666666
0 0.6531250000000001 0.10104166666666667 0.146875 0.20208333333333334
0 0.925 0.2 0.146875 0.20416666666666666
0 0.35703125 0.09583333333333333 0.1765625 0.19166666666666665
0 0.17109375000000002 0.07395833333333333 0.1546875 0.14791666666666667
0 0.05078125 0.15 0.1015625 0.2
