0 0.5015625 0.8989583333333333 0.215625 0.19791666666666666
0 0.73203125 0.34791666666666665 0.1859375 0.19583333333333333
0 0.9304687500000001 0.44166666666666665 0.13593750000000002 0.19583333333333333
0 0.53125 0.49166666666666664 0.14375000000000002 0.2
0 0.33046875000000003 0.9 0.13593750000000002 0.19583333333333333
0 0.4109375 0.6864583333333333 0.13125 0.17708333333333334
0 0.12890625 0.09375 0.1859375 0.1875
0 0.24609375 0.58125 0.1484375 0.17916666666666667
0 0.9242187500000001 0.63125 0.1484375 0.17916666666666667
0 0.9375 0.81875 0.12187500000000001 0.17916666666666667
0 0.63046875 0.4947916666666667 0.1234375 0.15625
