0 0.6671875 0.49583333333333335 0.146875 0.2
0 0.31015625 0.41354166666666664 0.17343750000000002 0.20625
0 0.26484375 0.5666666666666667 0.17343750000000002 0.24583333333333332
0 0.72578125 0.6291666666666667 0.17343750000000002 0.24583333333333332
0 0.86484375 0.3802083333333333 0.1453125 0.23124999999999998
0 0.75390625 0.13645833333333332 0.15781250000000002 0.22708333333333333
0 0.91953125 0.859375 0.15781250000000002 0.22708333333333333
0 0.9242187500000001 0.64375 0.1484375 0.19583333333333333
0 0.15390625000000002 0.7833333333333333 0.1484375 0.19583333333333333
0 0.54453125 0.1375 0.18281250000000002 0.1875
0 0.4421875 0.853125 0.184375 0.20625
0 0.690625 0.915625 0.184375 0.16458333333333333
0 0.12890625 0.06875 0.1765625 0.1375
0 0.9171875 0.07916666666666666 0.1625 0.15833333333333333
0 0.28671875 0.8166666666666667 0.1484375 0.22916666666666666
