0 0.6351562500000001 0.10416666666666667 0.1703125 0.20833333333333334
0 0.5437500000000001 0.34479166666666666 0.16562500000000002 0.28541666666666665
0 0.56640625 0.6708333333333333 0.18906250000000002 0.24583333333333332
0 0.1703125 0.265625 0.19062500000000002 0.27708333333333335
0 0.3921875 0.14166666666666666 0.146875 0.2
0 0.9375 0.08854166666666667 0.12187500000000001 0.17708333333333334
0 0.36171875000000003 0.47291666666666665 0.1859375 0.2375
0 0.9203125000000001 0.653125 0.15625 0.18958333333333333
0 0.89453125 0.8114583333333333 0.1859375 0.20208333333333334
0 0.53515625 0.8979166666666667 0.1234375 0.2
0 0.946875 0.45208333333333334 0.10312500000000001 0.25
0 0.053125000000000006 0.8229166666666666 0.10625000000000001 0.24583333333333332
0 0.05390625 0.36875 0.1078125 0.19166666666666665
0 0.47187500000000004 0.12083333333333333 0.146875 0.2
