0 0.88046875 0.3145833333333333 0.2265625 0.17916666666666667
0 0.24765625000000002 0.34479166666666666 0.15781250000000002 0.18958333333333333
0 0.21796875000000002 0.5510416666666667 0.19843750000000002 0.23541666666666666
0 0.2984375 0.7291666666666666 0.16562500000000002 0.20833333333333334
0 0.234375 0.8645833333333334 0.16562500000000002 0.20833333333333334
0 0.06640625 0.78125 0.1328125 0.2
0 0.9187500000000001 0.5520833333333334 0.15937500000000002 0.2125
0 0.9281250000000001 0.07916666666666666 0.140625 0.15833333333333333
0 0.8093750000000001 0.7802083333333333 0.19687500000000002 0.21041666666666667
0 0.6023437500000001 0.75625 0.18906250000000002 0.2
0 0.5171875 0.9 0.15625 0.19583333333333333
0 0.1765625 0.071875 0.153125 0.14375
0 0.11484375000000001 0.3260416666666667 0.13593750000000002 0.20625
