0 0.67578125 0.6770833333333334 0.17343750000000002 0.2
0 0.8015625000000001 0.2520833333333333 0.20625000000000002 0.22916666666666666
0 0.55859375 0.17291666666666666 0.15781250000000002 0.25416666666666665
0 0.09765625 0.578125 0.16718750000000002 0.24375
0 0.19062500000000002 0.528125 0.18125000000000002 0.26875
0 0.35000000000000003 0.259375 0.16875 0.24791666666666667
0 0.30703125000000003 0.8010416666666667 0.1921875 0.23541666666666666
0 0.45078125 0.7645833333333333 0.18906250000000002 0.19166666666666665
0 0.14296875 0.8781249999999999 0.2109375 0.22708333333333333
0 0.66953125 0.8927083333333333 0.1859375 0.19791666666666666
0 0.9070312500000001 0.103125 0.1765625 0.17708333333333334
0 0.12421875 0.18020833333333333 0.18906250000000002 0.24791666666666667
0 0.8718750000000001 0.6416666666666666 0.153125 0.20833333333333334
0 0.940625 0.4322916666666667 0.115625 0.23541666666666666
0 0.7835937500000001 0.45729166666666665 0.24531250000000002 0.23958333333333334
