0 0.68671875 0.6979166666666666 0.1640625 0.2
0 0.28359375000000003 0.5854166666666667 0.1640625 0.2
0 0.56953125 0.209375 0.19843750000000002 0.20625
0 0.6328125 0.4708333333333333 0.15625 0.20833333333333334
0 0.4078125 0.8937499999999999 0.15625 0.20833333333333334
0 0.11640625 0.7947916666666667 0.22031250000000002 0.21041666666666667
0 0.946875 0.24895833333333334 0.10312500000000001 0.2520833333333333
0 0.7375 0.17083333333333334 0.15625 0.20833333333333334
0 0.734375 0.30416666666666664 0.15625 0.20833333333333334
0 0.9203125000000001 0.4979166666666667 0.15625 0.20833333333333334
0 0.28359375000000003 0.8333333333333334 0.15781250000000002 0.20833333333333334
0 0.078125 0.11458333333333333 0.15625 0.20833333333333334
0 0.14609375 0.5416666666666666 0.1234375 0.19166666666666665
