0 0.23984375000000002 0.828125 0.1703125 0.24791666666666667
0 0.66015625 0.41354166666666664 0.1703125 0.24791666666666667
0 0.89453125 0.32916666666666666 0.1390625 0.2
0 0.6804687500000001 0.10625 0.1390625 0.2
0 0.52890625 0.45 0.1703125 0.20416666666666666
0 0.10859375 0.66875 0.1703125 0.20416666666666666
0 0.07500000000000001 0.3177083333333333 0.15000000000000002 0.19791666666666666
0 0.19375 0.3052083333333333 0.153125 0.19791666666666666
0 0.41015625 0.12083333333333333 0.1703125 0.24166666666666667
0 0.33359375 0.33125 0.1703125 0.20416666666666666
0 0.6570312500000001 0.409375 0.1703125 0.24791666666666667
0 0.32578125 0.5885416666666666 0.20468750000000002 0.16458333333333333
0 0.81015625 0.8729166666666667 0.17343750000000002 0.19583333333333333
