0 0.21171875 0.69375 0.15781250000000002 0.2125
0 0.14453125 0.4791666666666667 0.15781250000000002 0.2125
0 0.41015625 0.1375 0.15781250000000002 0.2125
0 0.20859375000000002 0.19166666666666665 0.15781250000000002 0.2125
0 0.92109375 0.40520833333333334 0.1546875 0.23958333333333334
0 0.92109375 0.8197916666666667 0.1546875 0.23958333333333334
0 0.7820312500000001 0.15520833333333334 0.1546875 0.23958333333333334
0 0.89765625 0.16041666666666665 0.18906250000000002 0.2583333333333333
0 0.36250000000000004 0.4614583333333333 0.153125 0.19791666666666666
0 0.403125 0.6510416666666666 0.153125 0.19791666666666666
0 0.7507812500000001 0.7989583333333333 0.1640625 0.21458333333333332
0 0.47421875 0.3489583333333333 0.1234375 0.22708333333333333
