0 0.55625 0.15625 0.184375 0.225
0 0.6078125000000001 0.75625 0.184375 0.225
0 0.47500000000000003 0.39479166666666665 0.13125 0.16875
0 0.39296875000000003 0.10833333333333334 0.15156250000000002 0.21666666666666667
0 0.08046875 0.275 0.1296875 0.18333333333333332
0 0.22890625 0.5229166666666667 0.1296875 0.18333333333333332
0 0.07890625000000001 0.7520833333333333 0.1296875 0.18333333333333332
0 0.88671875 0.34791666666666665 0.1296875 0.18333333333333332
0 0.91015625 0.6552083333333333 0.17343750000000002 0.23124999999999998
0 0.7640625000000001 0.88125 0.19375 0.23333333333333334
0 0.1375 0.396875 0.140625 0.17708333333333334
0 0.23125 0.16666666666666666 0.146875 0.17083333333333334
