0 0.29296875 0.3125 0.1484375 0.21666666666666667
0 0.20546875 0.10625 0.15156250000000002 0.20416666666666666
0 0.46406250000000004 0.09583333333333333 0.146875 0.19166666666666665
0 0.6546875000000001 0.11770833333333333 0.146875 0.19375
0 0.9242187500000001 0.3145833333333333 0.1296875 0.175
0 0.90546875 0.7489583333333333 0.1640625 0.19791666666666666
0 0.37890625 0.6822916666666666 0.1640625 0.19791666666666666
0 0.16640625 0.871875 0.1640625 0.19791666666666666
0 0.6117187500000001 0.365625 0.1953125 0.20208333333333334
0 0.38906250000000003 0.8104166666666667 0.15625 0.17916666666666667
0 0.28125 0.53125 0.1875 0.26666666666666666
