0 0.3453125 0.69375 0.20625000000000002 0.23333333333333334
0 0.215625 0.42083333333333334 0.17500000000000002 0.2125
0 0.08671875000000001 0.14166666666666666 0.17343750000000002 0.2125
0 0.171875 0.06458333333333333 0.171875 0.12916666666666665
0 0.70625 0.15208333333333332 0.17500000000000002 0.2125
0 0.7140625 0.6541666666666667 0.17500000000000002 0.2125
0 0.37734375000000003 0.8916666666666666 0.1765625 0.2125
0 0.6828125 0.8395833333333333 0.17500000000000002 0.2125
0 0.925 0.09375 0.146875 0.1875
0 0.14296875 0.6395833333333333 0.1765625 0.2125
0 0.21875 0.7916666666666666 0.15937500000000002 0.20416666666666666
