0 0.71484375 0.578125 0.16718750000000002 0.21458333333333332
0 0.8984375 0.3375 0.1875 0.225
0 0.609375 0.20208333333333334 0.1875 0.225
0 0.43828125 0.14270833333333333 0.1796875 0.19375
0 0.66796875 0.7572916666666667 0.1609375 0.19791666666666666
0 0.0734375 0.47812499999999997 0.146875 0.2604166666666667
0 0.79609375 0.0875 0.18906250000000002 0.175
0 0.52578125 0.74375 0.1421875 0.225
0 0.8929687500000001 0.6333333333333333 0.1421875 0.225
0 0.29921875000000003 0.2625 0.16718750000000002 0.25416666666666665
0 0.26328125 0.08541666666666667 0.1640625 0.17083333333333334
