0 0.8734375000000001 0.8229166666666666 0.16562500000000002 0.24583333333333332
0 0.9375 0.6760416666666667 0.12187500000000001 0.19791666666666666
0 0.87421875 0.49374999999999997 0.1796875 0.2375
0 0.278125 0.53125 0.15625 0.21666666666666667
0 0.565625 0.84375 0.13125 0.22083333333333333
0 0.6312500000000001 0.8458333333333333 0.15625 0.21666666666666667
0 0.20468750000000002 0.17395833333333333 0.18125000000000002 0.2520833333333333
0 0.8109375000000001 0.07916666666666666 0.178125 0.15833333333333333
0 0.19375 0.86875 0.15625 0.21666666666666667
0 0.290625 0.7989583333333333 0.14375000000000002 0.16875
0 0.61875 0.6229166666666667 0.153125 0.20833333333333334
