0 0.38125000000000003 0.25 0.14375000000000002 0.21666666666666667
0 0.07109375 0.35 0.1421875 0.21666666666666667
0 0.22812500000000002 0.12604166666666666 0.209375 0.2520833333333333
0 0.37890625 0.475 0.15156250000000002 0.24166666666666667
0 0.39609375 0.9177083333333333 0.1546875 0.15625
0 0.25390625 0.790625 0.1953125 0.23541666666666666
0 0.8054687500000001 0.384375 0.1546875 0.21041666666666667
0 0.90546875 0.5364583333333334 0.1859375 0.2520833333333333
0 0.66171875 0.5229166666666667 0.15781250000000002 0.2125
0 0.57265625 0.8916666666666666 0.1921875 0.2125
0 0.63046875 0.20833333333333334 0.1765625 0.225
