0 0.19843750000000002 0.7697916666666667 0.1625 0.21458333333333332
0 0.29765625 0.6520833333333333 0.1703125 0.22916666666666666
0 0.46015625000000004 0.7302083333333333 0.18281250000000002 0.22708333333333333
0 0.45859375 0.896875 0.18281250000000002 0.20208333333333334
0 0.65546875 0.8239583333333333 0.1859375 0.23124999999999998
0 0.80234375 0.484375 0.1859375 0.23124999999999998
0 0.61328125 0.584375 0.19843750000000002 0.24791666666666667
0 0.12421875 0.484375 0.17343750000000002 0.21458333333333332
0 0.153125 0.26979166666666665 0.17500000000000002 0.20625
0 0.19375 0.084375 0.16875 0.16875
0 0.71875 0.29270833333333335 0.14375000000000002 0.18958333333333333
0 0.815625 0.2739583333333333 0.14375000000000002 0.18958333333333333
0 0.9265625000000001 0.09375 0.14375000000000002 0.1875
0 0.77890625 0.08958333333333333 0.1453125 0.17916666666666667
0 0.9148437500000001 0.796875 0.16718750000000002 0.23541666666666666
0 0.76953125 0.7229166666666667 0.19843750000000002 0.25
