0 0.48984375 0.775 0.17343750000000002 0.23333333333333334
0 0.25546875 0.828125 0.2171875 0.23124999999999998
0 0.4921875 0.21354166666666666 0.178125 0.19375
0 0.93515625 0.08958333333333333 0.1265625 0.17916666666666667
0 0.759375 0.11875 0.16875 0.2375
0 0.9304687500000001 0.378125 0.13593750000000002 0.28125
0 0.76328125 0.6989583333333333 0.13593750000000002 0.28125
0 0.67890625 0.3989583333333333 0.13593750000000002 0.28125
0 0.0921875 0.28125 0.184375 0.26666666666666666
0 0.91171875 0.69375 0.17343750000000002 0.23333333333333334
