0 0.84921875 0.33541666666666664 0.1796875 0.23333333333333334
0 0.8460937500000001 0.5666666666666667 0.1796875 0.23333333333333334
0 0.08281250000000001 0.7885416666666667 0.16562500000000002 0.23541666666666666
0 0.7765625 0.7666666666666666 0.15937500000000002 0.19583333333333333
0 0.43593750000000003 0.2125 0.15937500000000002 0.19583333333333333
0 0.059375000000000004 0.06666666666666667 0.11875000000000001 0.13333333333333333
0 0.5828125000000001 0.646875 0.15937500000000002 0.16041666666666665
0 0.30000000000000004 0.628125 0.15937500000000002 0.16041666666666665
0 0.4234375 0.38645833333333335 0.15937500000000002 0.16041666666666665
0 0.609375 0.07916666666666666 0.15937500000000002 0.15833333333333333
0 0.36796875 0.8229166666666666 0.1609375 0.18333333333333332
0 0.19765625 0.30416666666666664 0.1609375 0.18333333333333332
0 0.7054687500000001 0.33125 0.16718750000000002 0.22083333333333333
0 0.6546875000000001 0.8666666666666667 0.184375 0.21666666666666667
0 0.41171875 0.6583333333333333 0.1171875 0.15
