0 0.14453125 0.5364583333333334 0.17343750000000002 0.25625
0 0.134375 0.2552083333333333 0.17500000000000002 0.21041666666666667
0 0.240625 0.19166666666666665 0.146875 0.2
0 0.6625000000000001 0.38125 0.146875 0.2
0 0.3484375 0.6947916666666667 0.18125000000000002 0.18541666666666667
0 0.1546875 0.9052083333333333 0.18125000000000002 0.18541666666666667
0 0.9078125 0.22708333333333333 0.18125000000000002 0.2
0 0.47968750000000004 0.5416666666666666 0.203125 0.24166666666666667
0 0.55859375 0.81875 0.1640625 0.22083333333333333
0 0.89609375 0.43645833333333334 0.18281250000000002 0.21875
