0 0.45859375 0.5677083333333334 0.1640625 0.21458333333333332
0 0.7953125000000001 0.18541666666666667 0.14375000000000002 0.19583333333333333
0 0.90625 0.49166666666666664 0.15625 0.2125
0 0.11328125 0.29270833333333335 0.15781250000000002 0.22291666666666665
0 0.6664062500000001 0.596875 0.15781250000000002 0.22291666666666665
0 0.16953125000000002 0.5177083333333333 0.15781250000000002 0.22291666666666665
0 0.53125 0.08854166666666667 0.1625 0.17708333333333334
0 0.3171875 0.6583333333333333 0.1625 0.17916666666666667
0 0.58359375 0.9010416666666666 0.1703125 0.19375
0 0.3984375 0.9270833333333334 0.20625000000000002 0.14166666666666666
0 0.18125000000000002 0.8781249999999999 0.16562500000000002 0.23958333333333334
