0 0.08125 0.20729166666666665 0.153125 0.19791666666666666
0 0.33125000000000004 0.45625 0.1625 0.24583333333333332
0 0.5421875 0.8854166666666666 0.1625 0.225
0 0.6828125 0.753125 0.14375000000000002 0.21458333333333332
0 0.8796875000000001 0.2864583333333333 0.14375000000000002 0.21458333333333332
0 0.08750000000000001 0.8177083333333334 0.14375000000000002 0.21458333333333332
0 0.13984375000000002 0.6552083333333333 0.13593750000000002 0.19375
0 0.13125 0.4947916666666667 0.125 0.14791666666666667
0 0.84140625 0.7166666666666667 0.1765625 0.225
0 0.94296875 0.9041666666666667 0.11093750000000001 0.1875
0 0.72265625 0.30104166666666665 0.2015625 0.23124999999999998
0 0.1765625 0.39479166666666665 0.125 0.14791666666666667
0 0.51171875 0.2833333333333333 0.1234375 0.25416666666666665
0 0.2171875 0.07916666666666666 0.178125 0.15833333333333333
0 0.6804687500000001 0.08020833333333333 0.15781250000000002 0.16041666666666665
