0 0.29531250000000003 0.8364583333333333 0.16562500000000002 0.21041666666666667
0 0.41718750000000004 0.565625 0.15937500000000002 0.24375
0 0.51484375 0.31979166666666664 0.15781250000000002 0.20625
0 0.7039062500000001 0.26666666666666666 0.1703125 0.19583333333333333
0 0.84765625 0.11875 0.1859375 0.23333333333333334
0 0.9187500000000001 0.8135416666666666 0.15937500000000002 0.21458333333333332
0 0.17578125 0.6385416666666667 0.20468750000000002 0.26458333333333334
0 0.08984375 0.49166666666666664 0.1796875 0.24583333333333332
0 0.7093750000000001 0.8104166666666667 0.178125 0.22916666666666666
0 0.5515625000000001 0.15625 0.178125 0.22916666666666666
0 0.0703125 0.7739583333333333 0.140625 0.22708333333333333
