0 0.0578125 0.771875 0.115625 0.22708333333333333
0 0.38515625000000003 0.928125 0.2015625 0.13958333333333334
0 0.2828125 0.9354166666666667 0.1625 0.125
0 0.8539062500000001 0.840625 0.1390625 0.18541666666666667
0 0.553125 0.7104166666666667 0.17500000000000002 0.1875
0 0.8929687500000001 0.18541666666666667 0.17343750000000002 0.22083333333333333
0 0.17109375000000002 0.3833333333333333 0.1328125 0.1875
0 0.26640625 0.6208333333333333 0.1328125 0.1875
0 0.14296875 0.55 0.1796875 0.23333333333333334
0 0.7703125000000001 0.6802083333333333 0.16562500000000002 0.14375
0 0.9148437500000001 0.6322916666666667 0.1390625 0.18541666666666667
