0 0.6820312500000001 0.42083333333333334 0.15156250000000002 0.1875
0 0.8562500000000001 0.8708333333333333 0.153125 0.19166666666666665
0 0.5375 0.425 0.15000000000000002 0.20833333333333334
0 0.6960937500000001 0.109375 0.16718750000000002 0.21041666666666667
0 0.47734375 0.45 0.1484375 0.2125
0 0.4859375 0.7239583333333334 0.15625 0.2604166666666667
0 0.246875 0.21354166666666666 0.178125 0.23124999999999998
0 0.1453125 0.3989583333333333 0.178125 0.18541666666666667
0 0.12265625000000001 0.55625 0.1421875 0.1625
0 0.40703125 0.23958333333333334 0.1484375 0.225
0 0.17343750000000002 0.8447916666666666 0.1625 0.21458333333333332
