0 0.25859375 0.3958333333333333 0.1703125 0.2125
0 0.19765625 0.19895833333333332 0.15156250000000002 0.21458333333333332
0 0.08671875000000001 0.64375 0.17343750000000002 0.23333333333333334
0 0.25859375 0.8302083333333333 0.17343750000000002 0.22708333333333333
0 0.278125 0.6447916666666667 0.184375 0.21875
0 0.45234375000000004 0.24583333333333332 0.18281250000000002 0.2791666666666667
0 0.7359375 0.359375 0.184375 0.21875
0 0.91171875 0.6625 0.17343750000000002 0.225
0 0.09765625 0.103125 0.1953125 0.20625
0 0.88828125 0.2791666666666667 0.1484375 0.2583333333333333
