0 0.7171875000000001 0.9166666666666666 0.16562500000000002 0.1625
0 0.5265625 0.9395833333333333 0.15625 0.11666666666666667
0 0.36875 0.30416666666666664 0.1875 0.2
0 0.2828125 0.16666666666666666 0.1875 0.2
0 0.8046875 0.3208333333333333 0.1875 0.2
0 0.784375 0.5125 0.15000000000000002 0.16666666666666666
0 0.94296875 0.26979166666666665 0.11093750000000001 0.20625
0 0.91796875 0.6666666666666666 0.1609375 0.19583333333333333
0 0.71640625 0.7395833333333334 0.1609375 0.19583333333333333
0 0.54453125 0.43124999999999997 0.1609375 0.19583333333333333
0 0.06875 0.540625 0.1375 0.21041666666666667
0 0.19375 0.8083333333333333 0.17500000000000002 0.2375
0 0.35781250000000003 0.5125 0.17500000000000002 0.2375
