0 0.89453125 0.45 0.1390625 0.17916666666666667
0 0.6203125 0.7239583333333334 0.15937500000000002 0.24375
0 0.07968750000000001 0.8145833333333333 0.15000000000000002 0.1875
0 0.70078125 0.9260416666666667 0.2078125 0.13541666666666666
0 0.48750000000000004 0.9052083333333333 0.184375 0.18541666666666667
0 0.46640625 0.725 0.16718750000000002 0.21666666666666667
0 0.6468750000000001 0.10729166666666666 0.21250000000000002 0.21458333333333332
0 0.87421875 0.8489583333333334 0.17343750000000002 0.19375
0 0.13125 0.165625 0.1375 0.28541666666666665
0 0.59140625 0.3416666666666667 0.1921875 0.2
0 0.13671875 0.5864583333333333 0.18281250000000002 0.19375
0 0.21406250000000002 0.7625 0.16875 0.19166666666666665
