0 0.115625 0.11041666666666666 0.171875 0.22083333333333333
0 0.30312500000000003 0.253125 0.171875 0.22291666666666665
0 0.0765625 0.7885416666666667 0.153125 0.21041666666666667
0 0.4765625 0.4979166666666667 0.15937500000000002 0.21666666666666667
0 0.6515625 0.2604166666666667 0.15937500000000002 0.21666666666666667
0 0.91796875 0.37916666666666665 0.1609375 0.21666666666666667
0 0.8523437500000001 0.5833333333333334 0.1609375 0.21666666666666667
0 0.7109375 0.5645833333333333 0.1375 0.175
0 0.7546875000000001 0.9302083333333333 0.1375 0.13541666666666666
0 0.096875 0.31875 0.15937500000000002 0.21666666666666667
0 0.19921875 0.6072916666666667 0.1484375 0.2520833333333333
