0 0.10078125 0.5916666666666667 0.15156250000000002 0.20833333333333334
0 0.40234375 0.66875 0.15156250000000002 0.20833333333333334
0 0.6000000000000001 0.3854166666666667 0.1875 0.21666666666666667
0 0.50625 0.221875 0.171875 0.21041666666666667
0 0.34453125 0.08854166666666667 0.1921875 0.17708333333333334
0 0.3796875 0.42083333333333334 0.16875 0.20833333333333334
0 0.7515625 0.8927083333333333 0.16875 0.21041666666666667
0 0.828125 0.5114583333333333 0.16875 0.21041666666666667
0 0.828125 0.11666666666666667 0.1375 0.17083333333333334
0 0.8875000000000001 0.3375 0.1375 0.17083333333333334
0 0.0890625 0.7895833333333333 0.178125 0.24583333333333332
0 0.2609375 0.7416666666666667 0.178125 0.20416666666666666
