0 0.24531250000000002 0.41770833333333335 0.146875 0.21875
0 0.83984375 0.275 0.1703125 0.22083333333333333
0 0.65390625 0.33541666666666664 0.1703125 0.22083333333333333
0 0.73984375 0.746875 0.16718750000000002 0.24375
0 0.465625 0.7604166666666666 0.153125 0.22083333333333333
0 0.321875 0.76875 0.153125 0.22083333333333333
0 0.58046875 0.190625 0.1609375 0.22291666666666665
0 0.13125 0.240625 0.17500000000000002 0.21875
0 0.6015625 0.6239583333333333 0.19687500000000002 0.21875
0 0.878125 0.875 0.153125 0.22083333333333333
