0 0.21640625000000002 0.578125 0.1421875 0.19791666666666666
0 0.7859375000000001 0.5677083333333334 0.15937500000000002 0.19791666666666666
0 0.54140625 0.6322916666666667 0.15781250000000002 0.26458333333333334
0 0.37578125 0.8885416666666667 0.18906250000000002 0.21875
0 0.19765625 0.14895833333333333 0.1234375 0.22291666666666665
0 0.6390625000000001 0.278125 0.16562500000000002 0.22708333333333333
0 0.92734375 0.18958333333333333 0.1421875 0.23333333333333334
0 0.43281250000000004 0.6947916666666667 0.16562500000000002 0.22708333333333333
0 0.7601562500000001 0.86875 0.15156250000000002 0.2583333333333333
0 0.63828125 0.86875 0.15156250000000002 0.2583333333333333
0 0.5515625000000001 0.08854166666666667 0.15937500000000002 0.17708333333333334
