0 0.45859375 0.38125 0.17343750000000002 0.19166666666666665
0 0.6421875 0.43645833333333334 0.2 0.2604166666666667
0 0.8734375000000001 0.26979166666666665 0.14375000000000002 0.18958333333333333
0 0.446875 0.171875 0.14375000000000002 0.18958333333333333
0 0.1765625 0.7572916666666667 0.14375000000000002 0.18958333333333333
0 0.32656250000000003 0.8989583333333333 0.14375000000000002 0.18958333333333333
0 0.58125 0.696875 0.14375000000000002 0.18958333333333333
0 0.5 0.903125 0.14375000000000002 0.18958333333333333
0 0.421875 0.7010416666666667 0.14375000000000002 0.21041666666666667
0 0.9187500000000001 0.609375 0.14375000000000002 0.21041666666666667
0 0.2546875 0.16145833333333334 0.14375000000000002 0.18958333333333333
0 0.08046875 0.09270833333333334 0.1609375 0.18541666666666667
0 0.06953125 0.31666666666666665 0.1390625 0.275
