0 0.09375 0.75625 0.153125 0.19583333333333333
0 0.05390625 0.5333333333333333 0.1078125 0.275
0 0.57265625 0.371875 0.1953125 0.23541666666666666
0 0.690625 0.6270833333333333 0.15937500000000002 0.225
0 0.3453125 0.728125 0.15625 0.24375
0 0.9046875000000001 0.49583333333333335 0.1875 0.22916666666666666
0 0.5710937500000001 0.08854166666666667 0.1640625 0.17708333333333334
0 0.21953125 0.275 0.2078125 0.20416666666666666
0 0.1765625 0.44375 0.19687500000000002 0.2708333333333333
0 0.5281250000000001 0.7510416666666666 0.19687500000000002 0.21041666666666667
0 0.3609375 0.07916666666666666 0.19375 0.15833333333333333
