0 0.24531250000000002 0.8958333333333334 0.184375 0.16666666666666666
0 0.28984375 0.6885416666666666 0.20468750000000002 0.23541666666666666
0 0.265625 0.159375 0.203125 0.24375
0 0.42734375 0.24895833333333334 0.1921875 0.23958333333333334
0 0.884375 0.73125 0.17500000000000002 0.24166666666666667
0 0.8015625000000001 0.7614583333333333 0.16562500000000002 0.19375
0 0.69453125 0.8020833333333334 0.1421875 0.19583333333333333
0 0.59375 0.8041666666666667 0.11875000000000001 0.19166666666666665
0 0.521875 0.8177083333333334 0.125 0.20625
0 0.540625 0.5979166666666667 0.178125 0.19583333333333333
0 0.7578125 0.48541666666666666 0.178125 0.19583333333333333
0 0.2859375 0.428125 0.2 0.26458333333333334
