0 0.43828125 0.6833333333333333 0.1703125 0.22083333333333333
0 0.52890625 0.2520833333333333 0.1703125 0.22083333333333333
0 0.61328125 0.8645833333333334 0.1953125 0.22916666666666666
0 0.9320312500000001 0.6489583333333333 0.1328125 0.24791666666666667
0 0.76953125 0.709375 0.1453125 0.21041666666666667
0 0.92578125 0.21562499999999998 0.1453125 0.26458333333333334
0 0.88203125 0.384375 0.1453125 0.21041666666666667
0 0.59921875 0.48333333333333334 0.1203125 0.1875
0 0.62421875 0.6333333333333333 0.1203125 0.1875
0 0.34921875 0.09270833333333334 0.1234375 0.15208333333333332
0 0.1609375 0.109375 0.15000000000000002 0.15208333333333332
0 0.21171875 0.05625 0.1453125 0.1125
0 0.23593750000000002 0.8 0.19062500000000002 0.20833333333333334
0 0.815625 0.9260416666666667 0.19375 0.14375
0 0.71875 0.08229166666666667 0.15625 0.16458333333333333
0 0.171875 0.6041666666666666 0.184375 0.225
