0 0.09921875000000001 0.68125 0.15781250000000002 0.22083333333333333
0 0.078125 0.8875 0.15625 0.22083333333333333
0 0.61328125 0.8708333333333333 0.15781250000000002 0.22083333333333333
0 0.5281250000000001 0.9 0.140625 0.19583333333333333
0 0.5890625 0.6125 0.140625 0.19583333333333333
0 0.37343750000000003 0.1375 0.13125 0.275
0 0.7859375000000001 0.41354166666666664 0.1375 0.22291666666666665
0 0.8406250000000001 0.4114583333333333 0.1375 0.22291666666666665
0 0.9226562500000001 0.43333333333333335 0.15156250000000002 0.2125
0 0.8968750000000001 0.6625 0.171875 0.21666666666666667
0 0.55234375 0.465625 0.1390625 0.17291666666666666
0 0.9148437500000001 0.07604166666666666 0.16718750000000002 0.15208333333333332
