0 0.38593750000000004 0.71875 0.146875 0.19166666666666665
0 0.5320312500000001 0.8156249999999999 0.1265625 0.19375
0 0.9164062500000001 0.5302083333333333 0.1640625 0.23541666666666666
0 0.31328125 0.32395833333333335 0.22031250000000002 0.23541666666666666
0 0.15625 0.6458333333333334 0.20625000000000002 0.2375
0 0.8601562500000001 0.8989583333333333 0.18281250000000002 0.19791666666666666
0 0.5906250000000001 0.16041666666666665 0.20625000000000002 0.19583333333333333
0 0.24453125 0.896875 0.16718750000000002 0.20208333333333334
0 0.8203125 0.3385416666666667 0.16875 0.20625
0 0.9265625000000001 0.7489583333333333 0.14375000000000002 0.21041666666666667
