0 0.35234375 0.6927083333333334 0.1453125 0.21875
0 0.45546875000000003 0.821875 0.1453125 0.21875
0 0.7664062500000001 0.6416666666666666 0.1859375 0.21666666666666667
0 0.90546875 0.5291666666666667 0.1859375 0.21666666666666667
0 0.9164062500000001 0.3177083333333333 0.1640625 0.21875
0 0.6039062500000001 0.7072916666666667 0.17343750000000002 0.25625
0 0.34375 0.10520833333333333 0.184375 0.21041666666666667
0 0.1765625 0.24166666666666667 0.184375 0.2125
0 0.309375 0.44375 0.184375 0.2125
0 0.09062500000000001 0.6666666666666666 0.18125000000000002 0.2125
