0 0.5765625 0.315625 0.184375 0.23958333333333334
0 0.0734375 0.22291666666666665 0.146875 0.20416666666666666
0 0.20468750000000002 0.17083333333333334 0.1875 0.20833333333333334
0 0.15859375 0.8864583333333333 0.15781250000000002 0.19375
0 0.7562500000000001 0.9166666666666666 0.19062500000000002 0.15833333333333333
0 0.884375 0.203125 0.140625 0.19375
0 0.7109375 0.453125 0.140625 0.19375
0 0.20468750000000002 0.4239583333333333 0.153125 0.18541666666666667
0 0.09296875 0.7395833333333334 0.1640625 0.19583333333333333
0 0.84921875 0.46249999999999997 0.1640625 0.19583333333333333
0 0.73828125 0.08958333333333333 0.15156250000000002 0.17916666666666667
