0 0.28359375000000003 0.671875 0.18906250000000002 0.22291666666666665
0 0.09609375 0.37604166666666666 0.18906250000000002 0.22291666666666665
0 0.46796875000000004 0.190625 0.18906250000000002 0.22291666666666665
0 0.6359375 0.26666666666666666 0.16875 0.20833333333333334
0 0.765625 0.19166666666666665 0.16875 0.20833333333333334
0 0.8382812500000001 0.37083333333333335 0.16718750000000002 0.2125
0 0.26328125 0.09583333333333333 0.1609375 0.19166666666666665
0 0.45 0.4354166666666667 0.1875 0.1875
0 0.9242187500000001 0.18229166666666666 0.1484375 0.19791666666666666
0 0.57421875 0.5041666666666667 0.17343750000000002 0.19583333333333333
0 0.40625 0.5729166666666666 0.171875 0.22083333333333333
0 0.35546875 0.80625 0.1484375 0.20833333333333334
