0 0.178125 0.8427083333333333 0.15000000000000002 0.19375
0 0.603125 0.9010416666666666 0.15000000000000002 0.19375
0 0.72265625 0.7791666666666667 0.1765625 0.19583333333333333
0 0.7703125000000001 0.5708333333333333 0.15625 0.19166666666666665
0 0.734375 0.3614583333333333 0.15937500000000002 0.20208333333333334
0 0.6171875 0.5229166666666667 0.1375 0.20833333333333334
0 0.26953125 0.31354166666666666 0.1703125 0.19791666666666666
0 0.53671875 0.2708333333333333 0.1796875 0.2375
0 0.15859375 0.13854166666666667 0.17343750000000002 0.23124999999999998
0 0.38359375 0.11458333333333333 0.1921875 0.22916666666666666
0 0.15078125 0.46979166666666666 0.1703125 0.19791666666666666
0 0.084375 0.5510416666666667 0.16875 0.19791666666666666
0 0.41171875 0.45208333333333334 0.1765625 0.21666666666666667
0 0.8367187500000001 0.16041666666666665 0.1796875 0.2375
0 0.9070312500000001 0.41562499999999997 0.1640625 0.22291666666666665
0 0.9007812500000001 0.8864583333333333 0.1640625 0.22291666666666665
0 0.9296875 0.6260416666666666 0.1375 0.21041666666666667
0 0.5546875 0.08125 0.15937500000000002 0.1625
