0 0.30000000000000004 0.8125 0.153125 0.1875
0 0.06328125 0.23958333333333334 0.1265625 0.18333333333333332
0 0.240625 0.06666666666666667 0.15000000000000002 0.13333333333333333
0 0.39765625000000004 0.08854166666666667 0.17343750000000002 0.17708333333333334
0 0.19609375 0.24791666666666667 0.17343750000000002 0.17916666666666667
0 0.125 0.63125 0.14375000000000002 0.21666666666666667
0 0.17109375000000002 0.7072916666666667 0.11093750000000001 0.18958333333333333
0 0.12187500000000001 0.8385416666666666 0.15625 0.22291666666666665
0 0.403125 0.334375 0.15625 0.22291666666666665
0 0.8093750000000001 0.3645833333333333 0.13125 0.175
