0 0.24921875000000002 0.8354166666666667 0.1421875 0.18333333333333332
0 0.060937500000000006 0.74375 0.12187500000000001 0.17916666666666667
0 0.6921875000000001 0.746875 0.13125 0.22708333333333333
0 0.6664062500000001 0.19166666666666665 0.1234375 0.20833333333333334
0 0.9390625 0.07916666666666666 0.11875000000000001 0.15833333333333333
0 0.4625 0.8958333333333334 0.153125 0.20416666666666666
0 0.57578125 0.9260416666666667 0.1015625 0.14375
0 0.296875 0.44166666666666665 0.15937500000000002 0.175
0 0.15625 0.48541666666666666 0.15937500000000002 0.175
0 0.6375000000000001 0.4114583333333333 0.16562500000000002 0.21041666666666667
0 0.5484375 0.3770833333333333 0.16875 0.225
0 0.915625 0.609375 0.16562500000000002 0.21041666666666667
