0 0.675 0.434375 0.140625 0.21875
0 0.49765625 0.8989583333333333 0.16718750000000002 0.19791666666666666
0 0.6429687500000001 0.853125 0.16718750000000002 0.19791666666666666
0 0.571875 0.6791666666666667 0.19062500000000002 0.22083333333333333
0 0.18125000000000002 0.725 0.19062500000000002 0.22083333333333333
0 0.23593750000000002 0.471875 0.15000000000000002 0.21458333333333332
0 0.7015625000000001 0.12916666666666665 0.2 0.24583333333333332
0 0.7718750000000001 0.903125 0.14375000000000002 0.18958333333333333
0 0.7312500000000001 0.6395833333333333 0.1375 0.23333333333333334
0 0.43671875000000004 0.07395833333333333 0.15781250000000002 0.14791666666666667
