0 0.6820312500000001 0.665625 0.1765625 0.19375
0 0.77109375 0.4458333333333333 0.1859375 0.24583333333333332
0 0.625 0.3104166666666667 0.16875 0.225
0 0.5203125000000001 0.40729166666666666 0.1625 0.19375
0 0.6156250000000001 0.09583333333333333 0.1625 0.19166666666666665
0 0.63984375 0.8927083333333333 0.17343750000000002 0.21041666666666667
0 0.42812500000000003 0.921875 0.171875 0.15208333333333332
0 0.7859375000000001 0.11041666666666666 0.17500000000000002 0.22083333333333333
0 0.92578125 0.80625 0.1453125 0.225
0 0.34140625 0.24166666666666667 0.1453125 0.225
0 0.15546875000000002 0.2625 0.1453125 0.225
0 0.08671875000000001 0.3729166666666667 0.1453125 0.225
