0 0.4703125 0.4583333333333333 0.15937500000000002 0.225
0 0.6171875 0.5708333333333333 0.15937500000000002 0.225
0 0.4703125 0.6354166666666666 0.15937500000000002 0.225
0 0.309375 0.44375 0.15937500000000002 0.225
0 0.7742187500000001 0.8760416666666666 0.1859375 0.24375
0 0.875 0.6083333333333333 0.1625 0.2125
0 0.9234375 0.08125 0.15000000000000002 0.1625
0 0.1234375 0.4583333333333333 0.15937500000000002 0.225
0 0.78125 0.6177083333333333 0.1375 0.21458333333333332
0 0.057031250000000006 0.13541666666666666 0.11406250000000001 0.2708333333333333
