0 0.30312500000000003 0.6375 0.096875 0.2375
0 0.5320312500000001 0.66875 0.1453125 0.1875
0 0.77890625 0.4875 0.1453125 0.1875
0 0.5632812500000001 0.07395833333333333 0.1859375 0.14791666666666667
0 0.29765625 0.35625 0.1453125 0.1875
0 0.37421875000000004 0.3625 0.1453125 0.1875
0 0.3609375 0.20520833333333333 0.12812500000000002 0.17291666666666666
0 0.603125 0.9208333333333333 0.19687500000000002 0.15416666666666667
0 0.79296875 0.9041666666666667 0.1453125 0.1875
0 0.9375 0.4979166666666667 0.12187500000000001 0.19166666666666665
0 0.909375 0.15729166666666666 0.178125 0.27708333333333335
0 0.8625 0.3052083333333333 0.140625 0.17708333333333334
0 0.06953125 0.7927083333333333 0.1390625 0.17708333333333334
