0 0.721875 0.21979166666666666 0.1625 0.20208333333333334
0 0.5578125 0.16354166666666667 0.1625 0.20208333333333334
0 0.15781250000000002 0.403125 0.1625 0.20208333333333334
0 0.2265625 0.8802083333333334 0.19062500000000002 0.22291666666666665
0 0.17890625000000002 0.7041666666666666 0.1296875 0.19583333333333333
0 0.69921875 0.7520833333333333 0.1296875 0.19583333333333333
0 0.815625 0.7458333333333333 0.140625 0.1875
0 0.8703125 0.46979166666666666 0.14375000000000002 0.22291666666666665
0 0.8835937500000001 0.296875 0.1609375 0.19791666666666666
0 0.38046875 0.3989583333333333 0.1609375 0.19791666666666666
0 0.057031250000000006 0.7760416666666666 0.11406250000000001 0.2520833333333333
0 0.9476562500000001 0.6770833333333334 0.1015625 0.225
