0 0.5875 0.46458333333333335 0.1375 0.20833333333333334
0 0.5671875000000001 0.13854166666666667 0.1625 0.21458333333333332
0 0.33046875000000003 0.196875 0.1234375 0.18541666666666667
0 0.77265625 0.7 0.1328125 0.19166666666666665
0 0.70859375 0.5541666666666667 0.1453125 0.2
0 0.7898437500000001 0.3458333333333333 0.1453125 0.2
0 0.53046875 0.8822916666666667 0.16718750000000002 0.23124999999999998
0 0.05234375 0.5333333333333333 0.1046875 0.22083333333333333
0 0.3921875 0.85625 0.15937500000000002 0.2375
0 0.11328125 0.13541666666666666 0.1421875 0.225
