0 0.7250000000000001 0.490625 0.1875 0.18958333333333333
0 0.5328125 0.653125 0.1875 0.18958333333333333
0 0.2734375 0.8552083333333333 0.1875 0.18958333333333333
0 0.134375 0.678125 0.1875 0.18958333333333333
0 0.16562500000000002 0.290625 0.1875 0.18958333333333333
0 0.32343750000000004 0.1625 0.15000000000000002 0.17916666666666667
0 0.7250000000000001 0.19583333333333333 0.17500000000000002 0.19166666666666665
0 0.4421875 0.7604166666666666 0.17500000000000002 0.225
0 0.25625000000000003 0.48125 0.17500000000000002 0.225
0 0.53359375 0.221875 0.1546875 0.21875
0 0.15000000000000002 0.084375 0.15000000000000002 0.16875
0 0.88203125 0.93125 0.16718750000000002 0.13333333333333333
