0 0.115625 0.7052083333333333 0.153125 0.19375
0 0.55234375 0.825 0.1921875 0.21666666666666667
0 0.90390625 0.5229166666666667 0.18906250000000002 0.2625
0 0.84296875 0.18541666666666667 0.18906250000000002 0.2625
0 0.7109375 0.08020833333333333 0.16875 0.16041666666666665
0 0.5890625 0.615625 0.15937500000000002 0.19375
0 0.7507812500000001 0.6770833333333334 0.2109375 0.2125
0 0.93125 0.8156249999999999 0.134375 0.21041666666666667
0 0.078125 0.9052083333333333 0.15000000000000002 0.18541666666666667
0 0.19062500000000002 0.153125 0.15937500000000002 0.23124999999999998
0 0.32421875 0.5125 0.2015625 0.24166666666666667
0 0.27890625 0.7604166666666666 0.1796875 0.19583333333333333
