0 0.7054687500000001 0.24375 0.1546875 0.20833333333333334
0 0.29765625 0.5229166666666667 0.16718750000000002 0.2125
0 0.5125000000000001 0.315625 0.12812500000000002 0.19791666666666666
0 0.58046875 0.4510416666666667 0.1640625 0.2520833333333333
0 0.41328125000000004 0.18854166666666666 0.13593750000000002 0.21458333333333332
0 0.7367187500000001 0.6208333333333333 0.19843750000000002 0.22916666666666666
0 0.8617187500000001 0.32916666666666666 0.19843750000000002 0.25
0 0.15703125 0.4041666666666667 0.2078125 0.1625
0 0.10234375000000001 0.85625 0.15781250000000002 0.19583333333333333
0 0.12109375 0.08854166666666667 0.1328125 0.17708333333333334
0 0.2921875 0.21041666666666667 0.15625 0.2375
0 0.58515625 0.08125 0.1765625 0.1625
0 0.940625 0.8427083333333333 0.115625 0.23958333333333334
