0 0.290625 0.8395833333333333 0.17500000000000002 0.19166666666666665
0 0.52734375 0.24270833333333333 0.1859375 0.22291666666666665
0 0.82734375 0.11562499999999999 0.1859375 0.22291666666666665
0 0.9234375 0.28854166666666664 0.15000000000000002 0.21458333333333332
0 0.81796875 0.43645833333333334 0.1859375 0.22291666666666665
0 0.16718750000000002 0.7739583333333333 0.12187500000000001 0.27291666666666664
0 0.7429687500000001 0.8864583333333333 0.1859375 0.22291666666666665
0 0.71015625 0.6614583333333334 0.1859375 0.22291666666666665
0 0.6117187500000001 0.07708333333333334 0.1796875 0.15416666666666667
0 0.15390625000000002 0.17395833333333333 0.1859375 0.22291666666666665
