0 0.24531250000000002 0.22291666666666665 0.19062500000000002 0.20416666666666666
0 0.4140625 0.18333333333333332 0.16562500000000002 0.2125
0 0.26328125 0.6354166666666666 0.17343750000000002 0.21666666666666667
0 0.9070312500000001 0.5291666666666667 0.16718750000000002 0.19166666666666665
0 0.56484375 0.2916666666666667 0.16718750000000002 0.19166666666666665
0 0.6125 0.275 0.15625 0.16666666666666666
0 0.7703125000000001 0.19583333333333333 0.15625 0.16666666666666666
0 0.10234375000000001 0.5177083333333333 0.2015625 0.2604166666666667
0 0.23046875 0.8614583333333333 0.1640625 0.21875
0 0.7351562500000001 0.734375 0.15156250000000002 0.18541666666666667
0 0.8609375 0.88125 0.19062500000000002 0.23333333333333334
0 0.37343750000000003 0.378125 0.184375 0.20208333333333334
0 0.5375 0.8364583333333333 0.17500000000000002 0.20625
0 0.06406250000000001 0.16354166666666667 0.12812500000000002 0.23124999999999998
