0 0.4578125 0.4 0.2 0.20833333333333334
0 0.45546875000000003 0.08645833333333333 0.17343750000000002 0.17291666666666666
0 0.29453125 0.24791666666666667 0.17343750000000002 0.175
0 0.19609375 0.19479166666666667 0.1453125 0.17291666666666666
0 0.846875 0.08125 0.15000000000000002 0.1625
0 0.23671875 0.5083333333333333 0.1453125 0.175
0 0.70859375 0.8833333333333333 0.1453125 0.175
0 0.7914062500000001 0.8645833333333334 0.1453125 0.175
0 0.43359375 0.8708333333333333 0.1453125 0.175
0 0.8125 0.278125 0.15625 0.22708333333333333
0 0.6703125000000001 0.07395833333333333 0.1625 0.14791666666666667
0 0.10625000000000001 0.42604166666666665 0.15625 0.21041666666666667
