0 0.296875 0.421875 0.134375 0.18125
0 0.253125 0.38645833333333335 0.16562500000000002 0.17291666666666666
0 0.21328125 0.590625 0.1765625 0.21875
0 0.79609375 0.421875 0.1703125 0.23958333333333334
0 0.48046875 0.834375 0.1703125 0.23958333333333334
0 0.7195312500000001 0.48854166666666665 0.1703125 0.23958333333333334
0 0.5593750000000001 0.7427083333333333 0.16875 0.19791666666666666
0 0.90546875 0.08854166666666667 0.18281250000000002 0.17708333333333334
0 0.8515625 0.6614583333333334 0.16875 0.23958333333333334
0 0.6960937500000001 0.69375 0.1859375 0.2833333333333333
0 0.29531250000000003 0.8072916666666666 0.171875 0.21041666666666667
0 0.1796875 0.8135416666666666 0.171875 0.21041666666666667
0 0.045312500000000006 0.278125 0.09062500000000001 0.19375
