0 0.09453125000000001 0.8375 0.1796875 0.20416666666666666
0 0.14765625000000002 0.628125 0.2078125 0.2895833333333333
0 0.1484375 0.45729166666666665 0.178125 0.19375
0 0.2671875 0.48333333333333334 0.10625000000000001 0.2708333333333333
0 0.09765625 0.08125 0.1296875 0.1625
0 0.48515625 0.209375 0.1609375 0.23124999999999998
0 0.6648437500000001 0.11770833333333333 0.13593750000000002 0.17708333333333334
0 0.34765625 0.3052083333333333 0.1703125 0.18125
0 0.39453125 0.5625 0.1859375 0.18333333333333332
0 0.33828125000000003 0.7791666666666667 0.1796875 0.2375
0 0.44921875 0.7833333333333333 0.1796875 0.2375
0 0.64453125 0.7572916666666667 0.1796875 0.26458333333333334
0 0.20546875 0.22291666666666665 0.1203125 0.275
0 0.08359375000000001 0.2760416666666667 0.1609375 0.18958333333333333
0 0.27968750000000003 0.11875 0.153125 0.22916666666666666
0 0.9242187500000001 0.48854166666666665 0.1484375 0.28541666666666665
0 0.80625 0.9354166666666667 0.1875 0.125
