0 0.30000000000000004 0.31875 0.15625 0.24583333333333332
0 0.340625 0.5166666666666666 0.14375000000000002 0.22916666666666666
0 0.18359375 0.12708333333333333 0.1484375 0.2125
0 0.74609375 0.17083333333333334 0.1484375 0.2125
0 0.8382812500000001 0.17083333333333334 0.1484375 0.2125
0 0.7601562500000001 0.4041666666666667 0.1484375 0.2125
0 0.89609375 0.4395833333333333 0.1484375 0.2125
0 0.73359375 0.6229166666666667 0.16718750000000002 0.225
0 0.6726562500000001 0.7395833333333334 0.16718750000000002 0.225
0 0.14140625 0.5354166666666667 0.1421875 0.2125
0 0.16953125000000002 0.8583333333333333 0.17343750000000002 0.22083333333333333
0 0.878125 0.775 0.15937500000000002 0.19166666666666665
