0 0.45234375000000004 0.6458333333333334 0.1609375 0.19166666666666665
0 0.34140625 0.09479166666666666 0.1609375 0.18958333333333333
0 0.665625 0.32395833333333335 0.1625 0.22708333333333333
0 0.87265625 0.3625 0.1921875 0.25416666666666665
0 0.39375000000000004 0.2947916666666667 0.17500000000000002 0.21041666666666667
0 0.08828125 0.259375 0.1703125 0.20625
0 0.6335937500000001 0.5541666666666667 0.15781250000000002 0.2375
0 0.209375 0.4666666666666667 0.178125 0.2583333333333333
0 0.81953125 0.78125 0.1796875 0.24583333333333332
0 0.24453125 0.9020833333333333 0.1609375 0.19166666666666665
