0 0.22968750000000002 0.08125 0.20625000000000002 0.1625
0 0.5609375 0.38125 0.1375 0.225
0 0.5085937500000001 0.6072916666666667 0.1421875 0.19375
0 0.68671875 0.10208333333333333 0.1421875 0.19166666666666665
0 0.7125 0.8354166666666667 0.15000000000000002 0.19166666666666665
0 0.93515625 0.428125 0.1265625 0.19375
0 0.88046875 0.14895833333333333 0.1265625 0.19375
0 0.8343750000000001 0.90625 0.140625 0.17083333333333334
0 0.1390625 0.7302083333333333 0.1375 0.23541666666666666
0 0.22109375 0.31145833333333334 0.1484375 0.21458333333333332
0 0.35859375000000004 0.265625 0.1421875 0.17708333333333334
0 0.23984375000000002 0.5135416666666667 0.1765625 0.21458333333333332
0 0.35703125 0.6510416666666666 0.1328125 0.19375
0 0.39765625000000004 0.7604166666666666 0.1421875 0.1875
0 0.28671875 0.8229166666666666 0.16718750000000002 0.20833333333333334
