0 0.34453125 0.5041666666666667 0.15156250000000002 0.20416666666666666
0 0.6351562500000001 0.5458333333333333 0.15156250000000002 0.20416666666666666
0 0.72265625 0.5791666666666666 0.15156250000000002 0.20416666666666666
0 0.65234375 0.8145833333333333 0.1703125 0.23333333333333334
0 0.45859375 0.6666666666666666 0.1703125 0.23333333333333334
0 0.328125 0.865625 0.1625 0.20208333333333334
0 0.16875 0.91875 0.184375 0.14583333333333334
0 0.2890625 0.16666666666666666 0.19687500000000002 0.275
0 0.07500000000000001 0.6916666666666667 0.15000000000000002 0.20416666666666666
0 0.87421875 0.4479166666666667 0.15156250000000002 0.20416666666666666
0 0.5703125 0.9104166666666667 0.1375 0.175
0 0.1609375 0.5666666666666667 0.1625 0.17916666666666667
0 0.09609375 0.359375 0.16718750000000002 0.19375
0 0.13203125000000002 0.07395833333333333 0.16718750000000002 0.14791666666666667
