0 0.3765625 0.8822916666666667 0.15625 0.20208333333333334
0 0.5609375 0.7729166666666667 0.184375 0.21666666666666667
0 0.7351562500000001 0.6552083333333333 0.1203125 0.17708333333333334
0 0.75 0.8541666666666666 0.146875 0.17916666666666667
0 0.84296875 0.8677083333333333 0.1046875 0.15208333333333332
0 0.93125 0.725 0.134375 0.21666666666666667
0 0.25234375000000003 0.45729166666666665 0.1484375 0.22708333333333333
0 0.08671875000000001 0.7989583333333333 0.1484375 0.22708333333333333
0 0.11093750000000001 0.6333333333333333 0.153125 0.2125
0 0.28203125 0.6697916666666667 0.1640625 0.19791666666666666
0 0.21875 0.78125 0.140625 0.1625
0 0.33671875 0.340625 0.1484375 0.22708333333333333
0 0.58125 0.11145833333333333 0.16562500000000002 0.22291666666666665
0 0.9007812500000001 0.21875 0.1453125 0.24166666666666667
0 0.21875 0.16458333333333333 0.19375 0.225
