0 0.6609375000000001 0.3375 0.234375 0.17916666666666667
0 0.6078125000000001 0.653125 0.146875 0.17708333333333334
0 0.36328125 0.6958333333333333 0.1546875 0.17916666666666667
0 0.47109375000000003 0.5875 0.1546875 0.17916666666666667
0 0.7117187500000001 0.7010416666666667 0.15156250000000002 0.23124999999999998
0 0.29765625 0.496875 0.15156250000000002 0.21041666666666667
0 0.55234375 0.17708333333333334 0.1546875 0.17916666666666667
0 0.6585937500000001 0.13125 0.1546875 0.17916666666666667
0 0.79296875 0.21666666666666667 0.15781250000000002 0.22916666666666666
0 0.07265625 0.5 0.1453125 0.18333333333333332
0 0.05390625 0.10729166666666666 0.1078125 0.21041666666666667
0 0.09062500000000001 0.88125 0.15937500000000002 0.15833333333333333
0 0.9343750000000001 0.43333333333333335 0.12812500000000002 0.175
0 0.9343750000000001 0.75 0.12812500000000002 0.175
0 0.8234375 0.9302083333333333 0.153125 0.13541666666666666
0 0.234375 0.35625 0.15625 0.21666666666666667
