0 0.578125 0.9 0.13125 0.19583333333333333
0 0.2703125 0.8375 0.153125 0.2
0 0.07578125000000001 0.7875 0.15156250000000002 0.2
0 0.19687500000000002 0.6520833333333333 0.153125 0.2
0 0.11406250000000001 0.084375 0.15625 0.16875
0 0.33359375 0.10729166666666666 0.1796875 0.21458333333333332
0 0.515625 0.1125 0.15000000000000002 0.225
0 0.8953125000000001 0.06354166666666666 0.15937500000000002 0.12708333333333333
0 0.8992187500000001 0.3145833333333333 0.1640625 0.21666666666666667
0 0.9164062500000001 0.8645833333333334 0.1640625 0.21666666666666667
0 0.63984375 0.6822916666666666 0.1921875 0.23124999999999998
0 0.5554687500000001 0.49895833333333334 0.1921875 0.23124999999999998
0 0.1328125 0.4197916666666667 0.16875 0.18958333333333333
0 0.39296875000000003 0.6104166666666666 0.18906250000000002 0.22916666666666666
