0 0.7265625 0.21562499999999998 0.134375 0.26458333333333334
0 0.91171875 0.29375 0.17343750000000002 0.2833333333333333
0 0.78515625 0.8468749999999999 0.2171875 0.24375
0 0.81953125 0.5479166666666666 0.1640625 0.23333333333333334
0 0.66328125 0.4979166666666667 0.1640625 0.23333333333333334
0 0.74375 0.45208333333333334 0.125 0.2
0 0.5171875 0.3458333333333333 0.15625 0.20416666666666666
0 0.41328125000000004 0.45625 0.1765625 0.20833333333333334
0 0.12265625000000001 0.5854166666666667 0.15156250000000002 0.19583333333333333
0 0.296875 0.746875 0.14375000000000002 0.22708333333333333
0 0.25703125 0.9052083333333333 0.1609375 0.18541666666666667
0 0.1625 0.32395833333333335 0.16562500000000002 0.19375
0 0.596875 0.09583333333333333 0.16562500000000002 0.19166666666666665
0 0.3359375 0.07916666666666666 0.140625 0.15833333333333333
0 0.07187500000000001 0.24479166666666666 0.14375000000000002 0.20625
