0 0.49453125000000003 0.8677083333333333 0.1640625 0.20625
0 0.70234375 0.8510416666666667 0.18281250000000002 0.23541666666666666
0 0.63828125 0.39166666666666666 0.1640625 0.16666666666666666
0 0.7523437500000001 0.37916666666666665 0.1765625 0.21666666666666667
0 0.30703125000000003 0.7833333333333333 0.1765625 0.21666666666666667
0 0.45390625 0.5010416666666666 0.1640625 0.20625
0 0.45703125 0.290625 0.1640625 0.20625
0 0.73359375 0.10208333333333333 0.1640625 0.20416666666666666
0 0.2234375 0.17604166666666665 0.2 0.2604166666666667
0 0.134375 0.2677083333333333 0.125 0.18125
0 0.09375 0.85 0.15000000000000002 0.19583333333333333
0 0.057031250000000006 0.734375 0.11406250000000001 0.20208333333333334
0 0.909375 0.209375 0.16875 0.18125
