0 0.56953125 0.6270833333333333 0.18281250000000002 0.22916666666666666
0 0.7265625 0.20833333333333334 0.203125 0.2375
0 0.34296875000000004 0.22395833333333334 0.18281250000000002 0.23958333333333334
0 0.17578125 0.31666666666666665 0.1796875 0.25
0 0.16718750000000002 0.5229166666666667 0.19062500000000002 0.25416666666666665
0 0.2828125 0.7739583333333333 0.19687500000000002 0.19375
0 0.44843750000000004 0.4354166666666667 0.1875 0.2375
0 0.33906250000000004 0.571875 0.20625000000000002 0.21041666666666667
0 0.7601562500000001 0.4552083333333333 0.1609375 0.20625
0 0.55859375 0.075 0.1953125 0.15
0 0.83515625 0.4427083333333333 0.1390625 0.26458333333333334
