0 0.21328125 0.13645833333333332 0.1765625 0.20208333333333334
0 0.14453125 0.6333333333333333 0.15781250000000002 0.19166666666666665
0 0.6195312500000001 0.8333333333333334 0.15781250000000002 0.19166666666666665
0 0.22890625 0.8479166666666667 0.15781250000000002 0.19166666666666665
0 0.3828125 0.46041666666666664 0.15937500000000002 0.22916666666666666
0 0.7015625000000001 0.5958333333333333 0.15937500000000002 0.22916666666666666
0 0.915625 0.6833333333333333 0.15937500000000002 0.22916666666666666
0 0.93515625 0.39479166666666665 0.1265625 0.22708333333333333
0 0.16953125000000002 0.390625 0.13593750000000002 0.21875
0 0.49375 0.4895833333333333 0.15937500000000002 0.22916666666666666
0 0.47500000000000003 0.6708333333333333 0.15937500000000002 0.22916666666666666
0 0.43046875 0.8468749999999999 0.1609375 0.20625
