0 0.134375 0.9166666666666666 0.15625 0.1625
0 0.13593750000000002 0.19895833333333332 0.16562500000000002 0.21041666666666667
0 0.2265625 0.38645833333333335 0.15000000000000002 0.25625
0 0.34453125 0.5104166666666666 0.1171875 0.2583333333333333
0 0.3796875 0.240625 0.16562500000000002 0.21041666666666667
0 0.5390625 0.2739583333333333 0.19375 0.20625
0 0.51015625 0.09583333333333333 0.1953125 0.19166666666666665
0 0.51328125 0.525 0.21406250000000002 0.2583333333333333
0 0.7757812500000001 0.23541666666666666 0.15156250000000002 0.19583333333333333
0 0.87890625 0.6354166666666666 0.15156250000000002 0.19583333333333333
0 0.47265625 0.8895833333333333 0.1640625 0.20416666666666666
0 0.6875 0.8322916666666667 0.16562500000000002 0.22291666666666665
0 0.91796875 0.28125 0.1421875 0.18333333333333332
