0 0.48750000000000004 0.7052083333333333 0.16562500000000002 0.21458333333333332
0 0.7265625 0.7447916666666666 0.15937500000000002 0.26458333333333334
0 0.66171875 0.35833333333333334 0.18281250000000002 0.22083333333333333
0 0.234375 0.29583333333333334 0.16562500000000002 0.19166666666666665
0 0.8546875 0.5958333333333333 0.16875 0.2125
0 0.5796875 0.09166666666666666 0.1625 0.18333333333333332
0 0.38046875 0.11354166666666667 0.1640625 0.18958333333333333
0 0.9070312500000001 0.21770833333333334 0.1390625 0.18125
0 0.81015625 0.25 0.1390625 0.18333333333333332
0 0.40546875000000004 0.865625 0.1921875 0.21458333333333332
