0 0.7757812500000001 0.6604166666666667 0.1453125 0.19583333333333333
0 0.77890625 0.8041666666666667 0.1453125 0.19583333333333333
0 0.39453125 0.8822916666666667 0.15156250000000002 0.23124999999999998
0 0.49609375 0.778125 0.15156250000000002 0.23124999999999998
0 0.31796875 0.46875 0.1265625 0.22083333333333333
0 0.40078125000000003 0.23854166666666665 0.1609375 0.26458333333333334
0 0.17109375000000002 0.3802083333333333 0.1546875 0.21875
0 0.9320312500000001 0.46249999999999997 0.1328125 0.2125
0 0.13984375000000002 0.7333333333333333 0.16718750000000002 0.20833333333333334
0 0.8671875 0.22083333333333333 0.16875 0.20833333333333334
0 0.6781250000000001 0.10625 0.16875 0.20833333333333334
0 0.22968750000000002 0.14166666666666666 0.140625 0.18333333333333332
0 0.06875 0.15625 0.1375 0.18333333333333332
0 0.46640625 0.60625 0.1640625 0.18333333333333332
0 0.06171875 0.38958333333333334 0.1234375 0.20833333333333334
0 0.2234375 0.5677083333333334 0.11875000000000001 0.18958333333333333
