0 0.6687500000000001 0.2125 0.203125 0.2583333333333333
0 0.8703125 0.43124999999999997 0.203125 0.2583333333333333
0 0.52734375 0.5104166666666666 0.1703125 0.18333333333333332
0 0.49296875 0.109375 0.1765625 0.15208333333333332
0 0.19687500000000002 0.5083333333333333 0.1375 0.1625
0 0.246875 0.22395833333333334 0.15937500000000002 0.17708333333333334
0 0.40078125000000003 0.8791666666666667 0.13593750000000002 0.2125
0 0.28359375000000003 0.690625 0.13593750000000002 0.18958333333333333
0 0.25625000000000003 0.8927083333333333 0.15937500000000002 0.18125
0 0.07890625000000001 0.275 0.15781250000000002 0.20833333333333334
