0 0.7921875 0.7760416666666666 0.184375 0.21458333333333332
0 0.796875 0.3072916666666667 0.184375 0.21458333333333332
0 0.5953125 0.2947916666666667 0.184375 0.21458333333333332
0 0.09765625 0.2989583333333333 0.1859375 0.22708333333333333
0 0.35390625000000003 0.16770833333333332 0.1859375 0.2604166666666667
0 0.43359375 0.75625 0.1296875 0.3125
0 0.6257812500000001 0.7979166666666666 0.1421875 0.25
0 0.7820312500000001 0.10729166666666666 0.1421875 0.21458333333333332
0 0.08828125 0.09791666666666667 0.1765625 0.19583333333333333
0 0.2734375 0.9083333333333333 0.15625 0.175
0 0.64375 0.49166666666666664 0.15625 0.175
0 0.540625 0.5291666666666667 0.15625 0.175
0 0.53046875 0.06875 0.1421875 0.1375
