0 0.50234375 0.10729166666666666 0.1703125 0.19791666666666666
0 0.8304687500000001 0.303125 0.1703125 0.19791666666666666
0 0.26484375 0.8989583333333333 0.1703125 0.19791666666666666
0 0.5828125000000001 0.3541666666666667 0.203125 0.22916666666666666
0 0.67890625 0.21666666666666667 0.16718750000000002 0.18333333333333332
0 0.63984375 0.090625 0.1765625 0.18125
0 0.35859375000000004 0.2552083333333333 0.1703125 0.19791666666666666
0 0.33515625000000004 0.37916666666666665 0.1609375 0.23333333333333334
0 0.7640625000000001 0.7322916666666667 0.184375 0.23958333333333334
0 0.73203125 0.9249999999999999 0.1703125 0.14583333333333334
0 0.56640625 0.9177083333333333 0.19843750000000002 0.16041666666666665
0 0.9421875000000001 0.453125 0.1125 0.21041666666666667
0 0.13203125000000002 0.8041666666666667 0.1421875 0.19583333333333333
0 0.17578125 0.45208333333333334 0.1609375 0.2791666666666667
