0 0.31093750000000003 0.8322916666666667 0.18125000000000002 0.19375
0 0.12734375 0.86875 0.17343750000000002 0.1875
0 0.4140625 0.28229166666666666 0.18125000000000002 0.19375
0 0.69453125 0.19583333333333333 0.18281250000000002 0.225
0 0.72265625 0.4322916666666667 0.1453125 0.22708333333333333
0 0.9304687500000001 0.6052083333333333 0.13593750000000002 0.26458333333333334
0 0.29375 0.5083333333333333 0.153125 0.2125
0 0.44843750000000004 0.6958333333333333 0.153125 0.2125
0 0.15937500000000002 0.7270833333333333 0.15625 0.1875
0 0.51328125 0.16458333333333333 0.1765625 0.25
