0 0.36640625000000004 0.34375 0.1609375 0.25416666666666665
0 0.20234375000000002 0.2989583333333333 0.17343750000000002 0.24791666666666667
0 0.5437500000000001 0.5479166666666666 0.18125000000000002 0.2875
0 0.86484375 0.7583333333333333 0.1703125 0.21666666666666667
0 0.49453125000000003 0.21562499999999998 0.15156250000000002 0.21041666666666667
0 0.27187500000000003 0.07395833333333333 0.146875 0.14791666666666667
0 0.8226562500000001 0.4614583333333333 0.15156250000000002 0.21041666666666667
0 0.884375 0.17604166666666665 0.184375 0.23958333333333334
0 0.06953125 0.465625 0.1390625 0.22708333333333333
0 0.7140625 0.7677083333333333 0.134375 0.19791666666666666
0 0.67890625 0.303125 0.15156250000000002 0.21041666666666667
