0 0.75546875 0.32708333333333334 0.1703125 0.19583333333333333
0 0.59140625 0.34479166666666666 0.15781250000000002 0.18958333333333333
0 0.69140625 0.8552083333333333 0.15781250000000002 0.18958333333333333
0 0.15078125 0.153125 0.18906250000000002 0.2604166666666667
0 0.52265625 0.11458333333333333 0.22968750000000002 0.22916666666666666
0 0.35234375 0.5197916666666667 0.17343750000000002 0.19375
0 0.41171875 0.734375 0.1234375 0.17291666666666666
0 0.5710937500000001 0.809375 0.1546875 0.16458333333333333
0 0.8835937500000001 0.7885416666666667 0.1859375 0.23541666666666666
0 0.45390625 0.3145833333333333 0.1703125 0.22083333333333333
0 0.73359375 0.15104166666666666 0.15781250000000002 0.23124999999999998
