0 0.4140625 0.8552083333333333 0.15625 0.21875
0 0.19687500000000002 0.7864583333333334 0.15625 0.21875
0 0.9203125000000001 0.8427083333333333 0.15625 0.21875
0 0.7156250000000001 0.8385416666666666 0.16875 0.22291666666666665
0 0.31484375000000003 0.25729166666666664 0.1328125 0.21875
0 0.07265625 0.8052083333333333 0.1328125 0.21875
0 0.9203125000000001 0.19375 0.15625 0.22916666666666666
0 0.69140625 0.11666666666666667 0.18906250000000002 0.23333333333333334
0 0.08984375 0.2583333333333333 0.1546875 0.17916666666666667
0 0.18046875 0.5791666666666666 0.15156250000000002 0.2791666666666667
0 0.33828125000000003 0.48020833333333335 0.1453125 0.21041666666666667
