0 0.26406250000000003 0.565625 0.1875 0.24791666666666667
0 0.446875 0.5833333333333334 0.178125 0.225
0 0.36250000000000004 0.10416666666666667 0.15000000000000002 0.20833333333333334
0 0.18203125 0.3177083333333333 0.1953125 0.24375
0 0.13046875 0.42083333333333334 0.15156250000000002 0.22083333333333333
0 0.11015625000000001 0.81875 0.1609375 0.25
0 0.62890625 0.5729166666666666 0.1609375 0.2
0 0.80390625 0.5052083333333334 0.18281250000000002 0.23541666666666666
0 0.65390625 0.803125 0.18281250000000002 0.23541666666666666
0 0.28984375 0.8552083333333333 0.18281250000000002 0.23541666666666666
0 0.940625 0.6854166666666667 0.115625 0.23333333333333334
0 0.7875000000000001 0.628125 0.1875 0.20625
0 0.57421875 0.7729166666666667 0.1859375 0.1875
0 0.73984375 0.09270833333333334 0.1859375 0.18541666666666667
