0 0.096875 0.8416666666666667 0.1875 0.24583333333333332
0 0.35000000000000003 0.4395833333333333 0.1875 0.24583333333333332
0 0.6507812500000001 0.10729166666666666 0.18281250000000002 0.21458333333333332
0 0.51171875 0.3 0.18281250000000002 0.21666666666666667
0 0.69296875 0.50625 0.17343750000000002 0.2875
0 0.93515625 0.22604166666666667 0.1265625 0.24375
0 0.859375 0.9375 0.184375 0.11666666666666667
0 0.140625 0.4895833333333333 0.1875 0.24583333333333332
0 0.31484375000000003 0.18020833333333333 0.16718750000000002 0.18541666666666667
0 0.46640625 0.9489583333333333 0.16718750000000002 0.09791666666666667
0 0.71640625 0.34270833333333334 0.20468750000000002 0.21458333333333332
0 0.815625 0.5604166666666667 0.16875 0.24583333333333332
