0 0.7859375000000001 0.271875 0.15937500000000002 0.21041666666666667
0 0.8382812500000001 0.49583333333333335 0.1921875 0.2833333333333333
0 0.62421875 0.5479166666666666 0.1703125 0.21666666666666667
0 0.11640625 0.33125 0.1609375 0.19583333333333333
0 0.3515625 0.16666666666666666 0.19687500000000002 0.20833333333333334
0 0.2 0.7114583333333333 0.14375000000000002 0.16458333333333333
0 0.55859375 0.24583333333333332 0.1703125 0.22916666666666666
0 0.16484375 0.225 0.1453125 0.2
0 0.34140625 0.7552083333333334 0.1421875 0.17708333333333334
0 0.37578125 0.4239583333333333 0.15781250000000002 0.16875
0 0.21796875000000002 0.4739583333333333 0.1546875 0.19791666666666666
0 0.3359375 0.4979166666666667 0.146875 0.15833333333333333
0 0.7859375000000001 0.7 0.0 0.0
