0 0.71875 0.7822916666666666 0.140625 0.18541666666666667
0 0.44375000000000003 0.9166666666666666 0.140625 0.1625
0 0.12421875 0.46458333333333335 0.1421875 0.21666666666666667
0 0.6859375000000001 0.396875 0.140625 0.18541666666666667
0 0.57421875 0.3645833333333333 0.2109375 0.1375
0 0.26328125 0.09791666666666667 0.2015625 0.19583333333333333
0 0.8929687500000001 0.8166666666666667 0.1484375 0.22916666666666666
0 0.8984375 0.2 0.12187500000000001 0.1875
0 0.57734375 0.540625 0.2015625 0.21875
0 0.78515625 0.571875 0.1328125 0.2520833333333333
0 0.3640625 0.690625 0.140625 0.18541666666666667
0 0.15703125 0.7125 0.1921875 0.175
