0 0.41796875 0.5979166666666667 0.1640625 0.1875
0 0.9164062500000001 0.5041666666666667 0.1640625 0.24583333333333332
0 0.34375 0.36354166666666665 0.19687500000000002 0.16458333333333333
0 0.42421875000000003 0.8802083333333334 0.1609375 0.16875
0 0.78671875 0.18645833333333334 0.1609375 0.16875
0 0.56171875 0.36354166666666665 0.1609375 0.16875
0 0.07265625 0.834375 0.1453125 0.19375
0 0.23359375000000002 0.08020833333333333 0.15156250000000002 0.16041666666666665
0 0.25703125 0.9083333333333333 0.15156250000000002 0.1625
0 0.9226562500000001 0.915625 0.15156250000000002 0.16458333333333333
0 0.640625 0.8927083333333333 0.153125 0.16458333333333333
