0 0.53046875 0.7145833333333333 0.16718750000000002 0.2125
0 0.40156250000000004 0.6708333333333333 0.1375 0.175
0 0.13515625 0.22916666666666666 0.13593750000000002 0.2583333333333333
0 0.89765625 0.35833333333333334 0.16718750000000002 0.2125
0 0.33515625000000004 0.4458333333333333 0.1703125 0.21666666666666667
0 0.45859375 0.4552083333333333 0.15156250000000002 0.20208333333333334
0 0.55234375 0.46458333333333335 0.1546875 0.19166666666666665
0 0.32265625000000003 0.8645833333333334 0.1546875 0.19166666666666665
0 0.05390625 0.509375 0.1078125 0.21041666666666667
0 0.28515625 0.675 0.1546875 0.19166666666666665
0 0.7546875000000001 0.3541666666666667 0.146875 0.21666666666666667
0 0.80625 0.6052083333333333 0.184375 0.22708333333333333
0 0.7453125 0.8010416666666667 0.184375 0.22708333333333333
