0 0.64375 0.403125 0.178125 0.19375
0 0.6765625000000001 0.5447916666666667 0.178125 0.19375
0 0.703125 0.746875 0.178125 0.19375
0 0.584375 0.8781249999999999 0.178125 0.19375
0 0.2921875 0.90625 0.19062500000000002 0.18333333333333332
0 0.11093750000000001 0.7947916666666667 0.178125 0.19375
0 0.35000000000000003 0.7364583333333333 0.178125 0.19375
0 0.94453125 0.8458333333333333 0.1078125 0.19166666666666665
0 0.94453125 0.27291666666666664 0.1078125 0.19166666666666665
0 0.85859375 0.290625 0.1796875 0.28125
0 0.9382812500000001 0.5916666666666667 0.1203125 0.2125
0 0.8171875000000001 0.6458333333333334 0.14375000000000002 0.17083333333333334
