0 0.11015625000000001 0.271875 0.1796875 0.18125
0 0.38203125000000004 0.809375 0.1796875 0.18125
0 0.2484375 0.8604166666666666 0.18125000000000002 0.19583333333333333
0 0.48359375000000004 0.290625 0.18281250000000002 0.22708333333333333
0 0.28671875 0.12395833333333334 0.18281250000000002 0.22708333333333333
0 0.1296875 0.440625 0.17500000000000002 0.20625
0 0.8234375 0.11979166666666667 0.17500000000000002 0.20625
0 0.7132812500000001 0.48854166666666665 0.19843750000000002 0.28125
0 0.5546875 0.7572916666666667 0.14375000000000002 0.19791666666666666
0 0.7328125000000001 0.7572916666666667 0.14375000000000002 0.19791666666666666
0 0.65546875 0.10104166666666667 0.1453125 0.19791666666666666
0 0.52890625 0.07291666666666667 0.18906250000000002 0.14583333333333334
0 0.0890625 0.8583333333333333 0.16562500000000002 0.1875
