0 0.35546875 0.32395833333333335 0.15156250000000002 0.19791666666666666
0 0.16953125000000002 0.4197916666666667 0.1390625 0.21875
0 0.8445312500000001 0.29791666666666666 0.16718750000000002 0.225
0 0.721875 0.6375 0.15000000000000002 0.1875
0 0.93671875 0.8156249999999999 0.1234375 0.18125
0 0.65234375 0.45416666666666666 0.15156250000000002 0.1875
0 0.33515625000000004 0.07291666666666667 0.1265625 0.14583333333333334
0 0.6687500000000001 0.7802083333333333 0.203125 0.21041666666666667
0 0.06406250000000001 0.39166666666666666 0.12812500000000002 0.2625
0 0.8562500000000001 0.1 0.146875 0.2
0 0.5234375 0.8291666666666666 0.15000000000000002 0.1875
0 0.51875 0.38125 0.15000000000000002 0.1875
0 0.48046875 0.12083333333333333 0.18281250000000002 0.2125
0 0.67734375 0.20625 0.1796875 0.24166666666666667
