0 0.09453125000000001 0.41875 0.1421875 0.20833333333333334
0 0.10546875 0.6479166666666667 0.15781250000000002 0.2125
0 0.13671875 0.88125 0.15156250000000002 0.22916666666666666
0 0.41015625 0.24895833333333334 0.18906250000000002 0.21041666666666667
0 0.22890625 0.3385416666666667 0.18906250000000002 0.21041666666666667
0 0.26796875000000003 0.10416666666666667 0.18906250000000002 0.20833333333333334
0 0.62421875 0.20729166666666665 0.18906250000000002 0.21041666666666667
0 0.7601562500000001 0.55 0.18906250000000002 0.2125
0 0.75546875 0.7583333333333333 0.18906250000000002 0.2125
0 0.9125000000000001 0.8947916666666667 0.171875 0.20625
0 0.8093750000000001 0.3375 0.2 0.2583333333333333
