0 0.1796875 0.4510416666666667 0.153125 0.21041666666666667
0 0.36562500000000003 0.234375 0.153125 0.21041666666666667
0 0.22734375 0.28125 0.1484375 0.15833333333333333
0 0.3375 0.5208333333333334 0.171875 0.225
0 0.4578125 0.39166666666666666 0.2 0.22916666666666666
0 0.7578125 0.85625 0.17500000000000002 0.19166666666666665
0 0.8718750000000001 0.9083333333333333 0.15625 0.17916666666666667
0 0.7507812500000001 0.640625 0.20468750000000002 0.21875
0 0.85078125 0.3697916666666667 0.15781250000000002 0.21875
0 0.11796875000000001 0.17395833333333333 0.22031250000000002 0.21875
0 0.6257812500000001 0.4552083333333333 0.15781250000000002 0.24791666666666667
