0 0.4890625 0.41041666666666665 0.1625 0.19583333333333333
0 0.34375 0.14375 0.1625 0.19583333333333333
0 0.8421875000000001 0.44166666666666665 0.1375 0.14583333333333334
0 0.9148437500000001 0.7 0.16718750000000002 0.21666666666666667
0 0.21484375 0.8395833333333333 0.1703125 0.15833333333333333
0 0.08359375000000001 0.2583333333333333 0.1390625 0.24583333333333332
0 0.6625000000000001 0.434375 0.1875 0.24375
0 0.5476562500000001 0.6583333333333333 0.1640625 0.21666666666666667
0 0.9460937500000001 0.071875 0.1046875 0.14375
0 0.6625000000000001 0.903125 0.15000000000000002 0.17291666666666666
0 0.08671875000000001 0.7625 0.1421875 0.17916666666666667
