0 0.43281250000000004 0.6479166666666667 0.15937500000000002 0.19583333333333333
0 0.16015625 0.5364583333333334 0.17343750000000002 0.19791666666666666
0 0.31640625 0.465625 0.2109375 0.23958333333333334
0 0.6921875000000001 0.6864583333333333 0.17500000000000002 0.23124999999999998
0 0.85546875 0.6989583333333333 0.1796875 0.21041666666666667
0 0.6156250000000001 0.2895833333333333 0.16562500000000002 0.2
0 0.7484375000000001 0.2604166666666667 0.16562500000000002 0.2
0 0.7453125 0.45208333333333334 0.16562500000000002 0.2
0 0.2734375 0.2604166666666667 0.16562500000000002 0.2
0 0.1296875 0.234375 0.16875 0.21875
0 0.9320312500000001 0.16458333333333333 0.1328125 0.20416666666666666
0 0.46171875 0.8947916666666667 0.1546875 0.18541666666666667
