0 0.26484375 0.8020833333333334 0.17343750000000002 0.17083333333333334
0 0.08671875000000001 0.7458333333333333 0.17343750000000002 0.17083333333333334
0 0.47421875 0.8864583333333333 0.1234375 0.20625
0 0.10703125000000001 0.29270833333333335 0.18906250000000002 0.21875
0 0.22421875000000002 0.453125 0.18906250000000002 0.21875
0 0.87265625 0.465625 0.18906250000000002 0.21875
0 0.7664062500000001 0.43854166666666666 0.18906250000000002 0.21875
0 0.52265625 0.5052083333333334 0.15156250000000002 0.16875
0 0.14375000000000002 0.096875 0.19062500000000002 0.19375
0 0.8921875 0.24791666666666667 0.12812500000000002 0.21666666666666667
0 0.9164062500000001 0.8177083333333334 0.1609375 0.25625
0 0.6828125 0.9229166666666666 0.15625 0.15
