0 0.3296875 0.625 0.18125000000000002 0.22916666666666666
0 0.275 0.40520833333333334 0.153125 0.18958333333333333
0 0.1125 0.09375 0.19375 0.1875
0 0.79609375 0.16145833333333334 0.1546875 0.19375
0 0.7992187500000001 0.7458333333333333 0.15781250000000002 0.2
0 0.5328125 0.8083333333333333 0.171875 0.20833333333333334
0 0.11796875000000001 0.528125 0.21406250000000002 0.22291666666666665
0 0.0703125 0.315625 0.140625 0.18958333333333333
0 0.7585937500000001 0.5479166666666666 0.15781250000000002 0.2
0 0.65546875 0.15520833333333334 0.17343750000000002 0.20208333333333334
