0 0.6742187500000001 0.3958333333333333 0.16718750000000002 0.22916666666666666
0 0.8226562500000001 0.46249999999999997 0.16718750000000002 0.22916666666666666
0 0.6882812500000001 0.7375 0.16718750000000002 0.22916666666666666
0 0.49765625 0.8020833333333334 0.16718750000000002 0.22916666666666666
0 0.39609375 0.8645833333333334 0.16718750000000002 0.22916666666666666
0 0.1234375 0.728125 0.19062500000000002 0.22291666666666665
0 0.665625 0.14895833333333333 0.21250000000000002 0.21458333333333332
0 0.07109375 0.22395833333333334 0.1421875 0.21041666666666667
0 0.446875 0.17395833333333333 0.21250000000000002 0.21458333333333332
0 0.28984375 0.6979166666666666 0.16718750000000002 0.22916666666666666
0 0.87109375 0.7958333333333333 0.16718750000000002 0.22916666666666666
0 0.84296875 0.10833333333333334 0.16718750000000002 0.21666666666666667
0 0.11484375000000001 0.9208333333333333 0.19843750000000002 0.15416666666666667
