0 0.721875 0.221875 0.17500000000000002 0.21041666666666667
0 0.53671875 0.23229166666666667 0.1296875 0.21041666666666667
0 0.48203125 0.915625 0.1484375 0.16458333333333333
0 0.4421875 0.4979166666666667 0.140625 0.22083333333333333
0 0.41640625000000003 0.209375 0.1171875 0.18958333333333333
0 0.8359375 0.6458333333333334 0.15625 0.23333333333333334
0 0.77109375 0.8270833333333333 0.1453125 0.17916666666666667
0 0.9148437500000001 0.9177083333333333 0.1546875 0.16041666666666665
0 0.69453125 0.9447916666666667 0.1546875 0.10625
0 0.5632812500000001 0.6979166666666666 0.1453125 0.17916666666666667
0 0.6484375 0.6427083333333333 0.15000000000000002 0.21458333333333332
0 0.08046875 0.896875 0.15156250000000002 0.20208333333333334
0 0.05078125 0.6645833333333333 0.1015625 0.24166666666666667
