0 0.35468750000000004 0.81875 0.15625 0.18333333333333332
0 0.3296875 0.3833333333333333 0.15625 0.18333333333333332
0 0.40390625 0.178125 0.1703125 0.23541666666666666
0 0.22734375 0.08333333333333333 0.1609375 0.16666666666666666
0 0.5265625 0.6510416666666666 0.15937500000000002 0.22291666666666665
0 0.7781250000000001 0.37604166666666666 0.15937500000000002 0.22291666666666665
0 0.7445312500000001 0.6020833333333333 0.1484375 0.19583333333333333
0 0.73359375 0.8989583333333333 0.1484375 0.19791666666666666
0 0.6257812500000001 0.10729166666666666 0.1015625 0.14375
0 0.0765625 0.2 0.15000000000000002 0.16666666666666666
0 0.62890625 0.359375 0.15781250000000002 0.21041666666666667
0 0.11093750000000001 0.41041666666666665 0.15625 0.18333333333333332
