0 0.3671875 0.3458333333333333 0.15625 0.2625
0 0.9171875 0.3958333333333333 0.15000000000000002 0.23333333333333334
0 0.8406250000000001 0.159375 0.178125 0.22291666666666665
0 0.8140625 0.5604166666666667 0.134375 0.1875
0 0.4890625 0.49166666666666664 0.134375 0.1875
0 0.5164062500000001 0.28020833333333334 0.15156250000000002 0.18958333333333333
0 0.10078125 0.2635416666666667 0.15156250000000002 0.18958333333333333
0 0.11093750000000001 0.396875 0.15937500000000002 0.21875
0 0.09531250000000001 0.7697916666666667 0.15937500000000002 0.21875
0 0.9265625000000001 0.803125 0.14375000000000002 0.21875
0 0.14296875 0.0875 0.1703125 0.175
0 0.67109375 0.146875 0.15156250000000002 0.18958333333333333
0 0.33046875000000003 0.61875 0.1640625 0.16666666666666666
