0 0.41953125 0.37395833333333334 0.19843750000000002 0.23124999999999998
0 0.21171875 0.51875 0.1546875 0.20416666666666666
0 0.0765625 0.09895833333333333 0.15000000000000002 0.19791666666666666
0 0.14375000000000002 0.303125 0.19375 0.20208333333333334
0 0.5171875 0.625 0.15000000000000002 0.17916666666666667
0 0.4734375 0.7520833333333333 0.1625 0.23333333333333334
0 0.45 0.8666666666666667 0.1625 0.23333333333333334
0 0.7000000000000001 0.5572916666666666 0.184375 0.17708333333333334
0 0.84765625 0.9229166666666666 0.1765625 0.15
0 0.77890625 0.7489583333333333 0.22031250000000002 0.24791666666666667
0 0.6117187500000001 0.8854166666666666 0.1640625 0.225
0 0.89375 0.10104166666666667 0.1875 0.20208333333333334
0 0.30703125000000003 0.8177083333333334 0.1609375 0.21875
0 0.55859375 0.13020833333333334 0.1609375 0.21875
0 0.12890625 0.6739583333333333 0.1609375 0.21875
