0 0.78828125 0.13020833333333334 0.1703125 0.18541666666666667
0 0.71875 0.340625 0.16562500000000002 0.19375
0 0.7835937500000001 0.9302083333333333 0.22031250000000002 0.13541666666666666
0 0.5 0.7958333333333333 0.1625 0.25
0 0.53515625 0.3833333333333333 0.17343750000000002 0.19583333333333333
0 0.9125000000000001 0.55 0.1625 0.25
0 0.83984375 0.6604166666666667 0.1921875 0.20416666666666666
0 0.275 0.46770833333333334 0.13125 0.16458333333333333
0 0.09140625000000001 0.5375 0.1703125 0.17083333333333334
0 0.15703125 0.8239583333333333 0.1859375 0.23541666666666666
