0 0.09609375 0.353125 0.1703125 0.21458333333333332
0 0.51484375 0.10625 0.1703125 0.2125
0 0.72421875 0.19791666666666666 0.1765625 0.23333333333333334
0 0.9281250000000001 0.5645833333333333 0.140625 0.225
0 0.76484375 0.5875 0.1546875 0.20416666666666666
0 0.49062500000000003 0.4427083333333333 0.16875 0.21875
0 0.49453125000000003 0.6208333333333333 0.16718750000000002 0.25416666666666665
0 0.4078125 0.7552083333333334 0.184375 0.18958333333333333
0 0.53828125 0.8885416666666667 0.1859375 0.21875
0 0.28046875 0.4708333333333333 0.2171875 0.2875
0 0.8187500000000001 0.37916666666666665 0.21250000000000002 0.24583333333333332
0 0.41640625000000003 0.265625 0.1703125 0.21458333333333332
