0 0.50546875 0.821875 0.1265625 0.22291666666666665
0 0.609375 0.8520833333333333 0.178125 0.18333333333333332
0 0.74375 0.6979166666666666 0.203125 0.20833333333333334
0 0.7828125 0.071875 0.209375 0.14375
0 0.15546875000000002 0.490625 0.1546875 0.24375
0 0.28750000000000003 0.11354166666666667 0.140625 0.22708333333333333
0 0.7859375000000001 0.36354166666666665 0.14375000000000002 0.18541666666666667
0 0.47890625000000003 0.4510416666666667 0.1203125 0.20625
0 0.321875 0.4375 0.12812500000000002 0.20833333333333334
0 0.06328125 0.29791666666666666 0.1265625 0.20833333333333334
0 0.08984375 0.16875 0.1453125 0.21666666666666667
