0 0.5750000000000001 0.7666666666666666 0.171875 0.22083333333333333
0 0.76171875 0.721875 0.19843750000000002 0.23124999999999998
0 0.7375 0.9145833333333333 0.20625000000000002 0.16666666666666666
0 0.55078125 0.4739583333333333 0.2015625 0.22708333333333333
0 0.31640625 0.23645833333333333 0.2015625 0.22708333333333333
0 0.4890625 0.20416666666666666 0.153125 0.20833333333333334
0 0.6101562500000001 0.27708333333333335 0.15781250000000002 0.19166666666666665
0 0.9226562500000001 0.10729166666666666 0.15156250000000002 0.21458333333333332
0 0.9226562500000001 0.3520833333333333 0.15156250000000002 0.21666666666666667
0 0.79296875 0.49374999999999997 0.17343750000000002 0.24583333333333332
0 0.34609375000000003 0.9 0.17343750000000002 0.19583333333333333
0 0.22968750000000002 0.7572916666666667 0.17500000000000002 0.23124999999999998
0 0.22031250000000002 0.534375 0.17500000000000002 0.23124999999999998
