0 0.35859375000000004 0.6489583333333333 0.2078125 0.21458333333333332
0 0.12578125 0.24270833333333333 0.2078125 0.21458333333333332
0 0.11171875 0.5885416666666666 0.1859375 0.20625
0 0.46171875 0.1125 0.1796875 0.21666666666666667
0 0.921875 0.334375 0.153125 0.21875
0 0.7640625000000001 0.7177083333333333 0.153125 0.21875
0 0.5109375 0.5260416666666666 0.171875 0.23124999999999998
0 0.33046875000000003 0.39375 0.2015625 0.25416666666666665
0 0.64609375 0.23645833333333333 0.1609375 0.18958333333333333
0 0.66328125 0.5041666666666667 0.13593750000000002 0.22083333333333333
