0 0.6898437500000001 0.46875 0.16718750000000002 0.21666666666666667
0 0.84296875 0.32395833333333335 0.1796875 0.21458333333333332
0 0.41640625000000003 0.31354166666666666 0.1796875 0.21458333333333332
0 0.06796875000000001 0.6458333333333334 0.13593750000000002 0.20833333333333334
0 0.47187500000000004 0.8708333333333333 0.12812500000000002 0.2
0 0.82421875 0.084375 0.1390625 0.16875
0 0.5640625 0.16770833333333332 0.18125000000000002 0.24375
0 0.08125 0.378125 0.1625 0.22708333333333333
0 0.12734375 0.18020833333333333 0.1484375 0.21875
0 0.16640625 0.90625 0.13593750000000002 0.18333333333333332
0 0.92578125 0.7822916666666666 0.1453125 0.18125
0 0.70234375 0.2552083333333333 0.1453125 0.19791666666666666
