0 0.48984375 0.1375 0.18281250000000002 0.2125
0 0.7156250000000001 0.178125 0.146875 0.20625
0 0.25078125 0.11145833333333333 0.1453125 0.18541666666666667
0 0.89453125 0.44479166666666664 0.18281250000000002 0.29375
0 0.66796875 0.603125 0.17343750000000002 0.22291666666666665
0 0.8695312500000001 0.203125 0.17343750000000002 0.22291666666666665
0 0.14609375 0.3020833333333333 0.1546875 0.21666666666666667
0 0.81171875 0.765625 0.17343750000000002 0.22291666666666665
0 0.33671875 0.7385416666666667 0.17343750000000002 0.22291666666666665
0 0.58828125 0.7989583333333333 0.17343750000000002 0.22291666666666665
0 0.27187500000000003 0.90625 0.19062500000000002 0.18333333333333332
0 0.8460937500000001 0.9291666666666667 0.18906250000000002 0.1375
