0 0.10390625 0.5166666666666666 0.1609375 0.225
0 0.215625 0.7395833333333334 0.2 0.23333333333333334
0 0.890625 0.33229166666666665 0.171875 0.21875
0 0.65625 0.3416666666666667 0.15000000000000002 0.25
0 0.36328125 0.5385416666666667 0.1953125 0.22708333333333333
0 0.671875 0.76875 0.15000000000000002 0.25
0 0.51171875 0.7833333333333333 0.1546875 0.2708333333333333
0 0.77890625 0.09375 0.1640625 0.1875
0 0.3796875 0.9260416666666667 0.1375 0.14375
0 0.63046875 0.08645833333333333 0.1546875 0.17291666666666666
0 0.10078125 0.06666666666666667 0.1796875 0.13333333333333333
0 0.9515625000000001 0.584375 0.09375 0.20625
0 0.06406250000000001 0.896875 0.12812500000000002 0.20208333333333334
