0 0.69140625 0.265625 0.18281250000000002 0.2604166666666667
0 0.4890625 0.2375 0.16562500000000002 0.175
0 0.8343750000000001 0.47604166666666664 0.1625 0.30625
0 0.6703125000000001 0.665625 0.15625 0.21458333333333332
0 0.2109375 0.08333333333333333 0.17500000000000002 0.16666666666666666
0 0.75546875 0.9249999999999999 0.1171875 0.14583333333333334
0 0.41796875 0.8375 0.20468750000000002 0.22083333333333333
0 0.5640625 0.8010416666666667 0.1375 0.19791666666666666
0 0.07734375 0.409375 0.1546875 0.23124999999999998
0 0.8671875 0.15729166666666666 0.15625 0.23124999999999998
0 0.940625 0.90625 0.115625 0.18333333333333332
