0 0.05390625 0.6802083333333333 0.1078125 0.21458333333333332
0 0.3828125 0.8447916666666666 0.2 0.21458333333333332
0 0.2328125 0.5697916666666667 0.153125 0.21875
0 0.8851562500000001 0.4875 0.1640625 0.24166666666666667
0 0.63203125 0.9166666666666666 0.1484375 0.1625
0 0.19375 0.9135416666666667 0.16875 0.16875
0 0.07109375 0.10625 0.1421875 0.2125
0 0.7125 0.503125 0.1625 0.21458333333333332
0 0.39375000000000004 0.6145833333333334 0.2 0.225
0 0.56015625 0.759375 0.18281250000000002 0.21458333333333332
0 0.21328125 0.41354166666666664 0.1234375 0.15208333333333332
